3321adf2,29.521,-98.4678,0,0,1701979200,271
3321adf2,29.521,-98.4678,0,0,1701979200,271
3321adf2,29.521,-98.4678,0,0,1701979200,271
3321adf2,29.521,-98.4678,0,0,1701979204,271
3321bb60,29.5297,-98.4731,0,0,1701979202,33
3321bd16,29.5214,-98.4683,0,0,1701979201,132
3321adf2,29.521,-98.4678,0,0,1701979204,271
3321bb60,29.5297,-98.4731,0,0,1701979202,33
3321bd16,29.5214,-98.4683,0,0,1701979201,132
3321adf2,29.521,-98.4678,0,0,1701979204,271
3321bb60,29.5297,-98.4731,0,0,1701979202,33
3321bd16,29.5214,-98.4683,0,0,1701979201,132
3321adf2,29.521,-98.4678,0,0,1701979204,271
3321bb60,29.5297,-98.4731,0,0,1701979202,33
3321bd16,29.5214,-98.4683,0,0,1701979201,132
3321adf2,29.521,-98.4678,0,0,1701979209,271
3321bb60,29.5297,-98.4731,0,0,1701979207,33
3321bd16,29.5214,-98.4683,0,0,1701979201,132
3321adf2,29.521,-98.4678,0,0,1701979209,271
3321bb60,29.5297,-98.4731,0,0,1701979207,33
3321bd16,29.5214,-98.4683,0,0,1701979201,132
3321adf2,29.521,-98.4678,0,0,1701979209,271
3321bb60,29.5297,-98.4731,0,0,1701979207,33
3321bd16,29.5214,-98.4683,0,0,1701979201,132
3321adf2,29.521,-98.4678,0,0,1701979213,271
3321bb60,29.5297,-98.4731,0,0,1701979207,33
3321bd16,29.5214,-98.4683,0,0,1701979201,132
3321adf2,29.521,-98.4678,0,0,1701979213,271
3321bb60,29.5297,-98.4731,0,0,1701979207,33
3321bd16,29.5214,-98.4683,0,0,1701979201,132
3321adf2,29.521,-98.4678,0,0,1701979213,271
3321bb60,29.5297,-98.4731,0,0,1701979207,33
3321bd16,29.5214,-98.4683,0,0,1701979201,132
3321adf2,29.521,-98.4678,0,0,1701979216,271
3321bb60,29.5297,-98.4731,0,0,1701979207,33
3321bd16,29.5214,-98.4683,0,0,1701979216,132
3321adf2,29.521,-98.4678,0,0,1701979216,271
3321bb60,29.5297,-98.4731,0,0,1701979207,33
3321bd16,29.5214,-98.4683,0,0,1701979216,132
3321adf2,29.521,-98.4678,0,0,1701979216,271
3321bb60,29.5297,-98.4731,0,0,1701979207,33
3321bd16,29.5214,-98.4683,0,0,1701979216,132
3321adf2,29.521,-98.4678,0,0,1701979219,271
3321bb60,29.5297,-98.4731,0,0,1701979217,33
3321bd16,29.5214,-98.4683,0,0,1701979216,132
3321adf2,29.521,-98.4678,0,0,1701979219,271
3321bb60,29.5297,-98.4731,0,0,1701979217,33
3321bd16,29.5214,-98.4683,0,0,1701979216,132
3321adf2,29.521,-98.4678,0,0,1701979219,271
3321bb60,29.5297,-98.4731,0,0,1701979217,33
3321bd16,29.5214,-98.4683,0,0,1701979216,132
3321adf2,29.521,-98.4678,0,0,1701979224,271
3321bb60,29.5297,-98.4731,0,0,1701979222,33
3321bd16,29.5214,-98.4683,0,0,1701979216,132
3321adf2,29.521,-98.4678,0,0,1701979224,271
3321bb60,29.5297,-98.4731,0,0,1701979222,33
3321bd16,29.5214,-98.4683,0,0,1701979216,132
3321adf2,29.521,-98.4678,0,0,1701979224,271
3321bb60,29.5297,-98.4731,0,0,1701979222,33
3321bd16,29.5214,-98.4683,0,0,1701979216,132
3321adf2,29.521,-98.4678,0,0,1701979227,271
3321bb60,29.5297,-98.4731,0,0,1701979227,33
3321bd16,29.5214,-98.4683,0,0,1701979226,132
3321adf2,29.521,-98.4678,0,0,1701979227,271
3321bb60,29.5297,-98.4731,0,0,1701979227,33
3321bd16,29.5214,-98.4683,0,0,1701979226,132
3321adf2,29.521,-98.4678,0,0,1701979227,271
3321bb60,29.5297,-98.4731,0,0,1701979227,33
3321bd16,29.5214,-98.4683,0,0,1701979226,132
3321adf2,29.521,-98.4678,0,0,1701979227,271
3321bb60,29.5297,-98.4731,0,0,1701979227,33
3321bd16,29.5214,-98.4683,0,0,1701979226,132
3321adf2,29.521,-98.4678,0,0,1701979227,271
3321bb60,29.5297,-98.4731,0,0,1701979233,33
3321bd16,29.5214,-98.4683,0,0,1701979226,132
3321adf2,29.521,-98.4678,0,0,1701979227,271
3321bb60,29.5297,-98.4731,0,0,1701979233,33
3321bd16,29.5214,-98.4683,0,0,1701979226,132
3321adf2,29.521,-98.4678,0,0,1701979227,271
3321bb60,29.5297,-98.4731,0,0,1701979233,33
3321bd16,29.5214,-98.4683,0,0,1701979226,132
3321adf2,29.521,-98.4678,0,0,1701979233,271
3321bb60,29.5297,-98.4731,0,0,1701979233,33
3321bd16,29.5214,-98.4683,0,0,1701979226,132
3321adf2,29.521,-98.4678,0,0,1701979233,271
3321bb60,29.5297,-98.4731,0,0,1701979233,33
3321bd16,29.5214,-98.4683,0,0,1701979226,132
3321adf2,29.521,-98.4678,0,0,1701979233,271
3321bb60,29.5297,-98.4731,0,0,1701979233,33
3321bd16,29.5214,-98.4683,0,0,1701979226,132
3321adf2,29.521,-98.4678,0,0,1701979238,25
3321bb60,29.5297,-98.4731,0,0,1701979238,33
3321bd16,29.5214,-98.4683,0,0,1701979226,132
3321adf2,29.521,-98.4678,0,0,1701979238,25
3321bb60,29.5297,-98.4731,0,0,1701979238,33
3321bd16,29.5214,-98.4683,0,0,1701979226,132
3321adf2,29.521,-98.4678,0,0,1701979238,25
3321bb60,29.5297,-98.4731,0,0,1701979238,33
3321bd16,29.5214,-98.4683,0,0,1701979226,132
3321adf2,29.521,-98.4678,0,0,1701979243,271
3321bb60,29.5297,-98.4731,0,0,1701979243,33
3321bd16,29.5214,-98.4683,0,0,1701979226,132
3321adf2,29.521,-98.4678,0,0,1701979243,271
3321bb60,29.5297,-98.4731,0,0,1701979243,33
3321bd16,29.5214,-98.4683,0,0,1701979226,132
3321adf2,29.521,-98.4678,0,0,1701979243,271
3321bb60,29.5297,-98.4731,0,0,1701979243,33
3321bd16,29.5214,-98.4683,0,0,1701979226,132
3321adf2,29.521,-98.4678,0,0,1701979248,271
3321bb60,29.5297,-98.4731,0,0,1701979248,33
3321bd16,29.5214,-98.4683,0,0,1701979226,132
3321adf2,29.521,-98.4678,0,0,1701979248,271
3321bb60,29.5297,-98.4731,0,0,1701979248,33
3321bd16,29.5214,-98.4683,0,0,1701979226,132
3321adf2,29.521,-98.4678,0,0,1701979248,271
3321bb60,29.5297,-98.4731,0,0,1701979248,33
3321bd16,29.5214,-98.4683,0,0,1701979226,132
3321adf2,29.521,-98.4678,0,0,1701979253,271
3321bb60,29.5297,-98.4731,0,0,1701979253,33
3321bd16,29.5214,-98.4683,0,0,1701979226,132
3321adf2,29.521,-98.4678,0,0,1701979253,271
3321bb60,29.5297,-98.4731,0,0,1701979253,33
3321bd16,29.5214,-98.4683,0,0,1701979226,132
3321adf2,29.521,-98.4678,0,0,1701979253,271
3321bb60,29.5297,-98.4731,0,0,1701979253,33
3321bd16,29.5214,-98.4683,0,0,1701979226,132
3321adf2,29.521,-98.4678,0,0,1701979253,271
3321bb60,29.5297,-98.4731,0,0,1701979253,33
3321bd16,29.5214,-98.4683,0,0,1701979226,132
3321adf2,29.521,-98.4678,0,0,1701979253,271
3321bb60,29.5297,-98.4731,0,0,1701979253,33
3321bd16,29.5214,-98.4683,0,0,1701979226,132
3321adf2,29.521,-98.4678,0,0,1701979253,271
3321bb60,29.5297,-98.4731,0,0,1701979253,33
3321bd16,29.5214,-98.4683,0,0,1701979226,132
3321adf2,29.521,-98.4678,0,0,1701979253,271
3321bb60,29.5297,-98.4731,0,0,1701979253,33
3321bd16,29.5214,-98.4683,0,0,1701979226,132
3321adf2,29.521,-98.4678,0,0,1701979258,271
3321bb60,29.5297,-98.4731,0,0,1701979257,33
3321bd16,29.5214,-98.4683,0,0,1701979226,132
3321adf2,29.521,-98.4678,0,0,1701979258,271
3321bb60,29.5297,-98.4731,0,0,1701979257,33
3321bd16,29.5214,-98.4683,0,0,1701979226,132
3321adf2,29.521,-98.4678,0,0,1701979258,271
3321bb60,29.5297,-98.4731,0,0,1701979257,33
3321bd16,29.5214,-98.4683,0,0,1701979226,132
3321adf2,29.521,-98.4678,0,0,1701979263,89
3321bb60,29.5297,-98.4731,0,0,1701979262,33
3321bd16,29.5214,-98.4683,0,0,1701979226,132
3321adf2,29.521,-98.4678,0,0,1701979263,89
3321bb60,29.5297,-98.4731,0,0,1701979262,33
3321bd16,29.5214,-98.4683,0,0,1701979226,132
3321adf2,29.521,-98.4678,0,0,1701979263,89
3321bb60,29.5297,-98.4731,0,0,1701979262,33
3321bd16,29.5214,-98.4683,0,0,1701979226,132
3321adf2,29.521,-98.4678,0,0,1701979263,89
3321bb60,29.5297,-98.4731,0,0,1701979268,33
3321bd16,29.5214,-98.4683,0,0,1701979226,132
3321adf2,29.521,-98.4678,0,0,1701979263,89
3321bb60,29.5297,-98.4731,0,0,1701979268,33
3321bd16,29.5214,-98.4683,0,0,1701979226,132
3321adf2,29.521,-98.4678,0,0,1701979263,89
3321bb60,29.5297,-98.4731,0,0,1701979268,33
3321bd16,29.5214,-98.4683,0,0,1701979226,132
3321adf2,29.521,-98.4678,0,0,1701979263,89
3321bb60,29.5297,-98.4731,0,0,1701979273,33
3321bd16,29.5214,-98.4683,0,0,1701979226,132
3321adf2,29.521,-98.4678,0,0,1701979263,89
3321bb60,29.5297,-98.4731,0,0,1701979273,33
3321bd16,29.5214,-98.4683,0,0,1701979226,132
3321adf2,29.521,-98.4678,0,0,1701979263,89
3321bb60,29.5297,-98.4731,0,0,1701979273,33
3321bd16,29.5214,-98.4683,0,0,1701979226,132
3321adf2,29.521,-98.4678,0,0,1701979273,89
3321bb60,29.5297,-98.4731,0,0,1701979273,33
3321bd16,29.5214,-98.4683,0,0,1701979226,132
3321adf2,29.521,-98.4678,0,0,1701979273,89
3321bb60,29.5297,-98.4731,0,0,1701979273,33
3321bd16,29.5214,-98.4683,0,0,1701979226,132
3321adf2,29.521,-98.4678,0,0,1701979273,89
3321bb60,29.5297,-98.4731,0,0,1701979273,33
3321bd16,29.5214,-98.4683,0,0,1701979226,132
3321adf2,29.521,-98.4678,0,0,1701979273,89
3321bb60,29.5297,-98.4731,0,0,1701979273,33
3321bd16,29.5214,-98.4683,0,0,1701979226,132
3321adf2,29.521,-98.4678,0,0,1701979278,89
3321bb60,29.5297,-98.4731,0,0,1701979278,33
3321bd16,29.5214,-98.4683,0,0,1701979226,132
3321adf2,29.521,-98.4678,0,0,1701979278,89
3321bb60,29.5297,-98.4731,0,0,1701979278,33
3321bd16,29.5214,-98.4683,0,0,1701979226,132
3321adf2,29.521,-98.4678,0,0,1701979278,89
3321bb60,29.5297,-98.4731,0,0,1701979278,33
3321bd16,29.5214,-98.4683,0,0,1701979226,132
3321adf2,29.521,-98.4678,0,0,1701979283,89
3321bb60,29.5297,-98.4731,0,0,1701979283,33
3321bd16,29.5214,-98.4683,0,0,1701979226,132
3321adf2,29.521,-98.4678,0,0,1701979283,89
3321bb60,29.5297,-98.4731,0,0,1701979283,33
3321bd16,29.5214,-98.4683,0,0,1701979226,132
3321adf2,29.521,-98.4678,0,0,1701979283,89
3321bb60,29.5297,-98.4731,0,0,1701979283,33
3321bd16,29.5214,-98.4683,0,0,1701979226,132
3321adf2,29.521,-98.4678,0,0,1701979288,135
3321bb60,29.5297,-98.4731,0,0,1701979288,33
3321bd16,29.5214,-98.4683,0,0,1701979226,132
3321adf2,29.521,-98.4678,0,0,1701979288,135
3321bb60,29.5297,-98.4731,0,0,1701979288,33
3321bd16,29.5214,-98.4683,0,0,1701979226,132
3321adf2,29.521,-98.4678,0,0,1701979288,135
3321bb60,29.5297,-98.4731,0,0,1701979288,33
3321bd16,29.5214,-98.4683,0,0,1701979226,132
3321adf2,29.521,-98.4678,0,0,1701979288,135
3321bb60,29.5297,-98.4731,0,0,1701979293,33
3321bd16,29.5214,-98.4683,0,0,1701979226,132
3321adf2,29.521,-98.4678,0,0,1701979288,135
3321bb60,29.5297,-98.4731,0,0,1701979293,33
3321bd16,29.5214,-98.4683,0,0,1701979226,132
3321adf2,29.521,-98.4678,0,0,1701979288,135
3321bb60,29.5297,-98.4731,0,0,1701979293,33
3321bd16,29.5214,-98.4683,0,0,1701979226,132
3321adf2,29.521,-98.4678,0,0,1701979293,135
3321bb60,29.5297,-98.4731,0,0,1701979293,33
3321bd16,29.5214,-98.4683,0,0,1701979226,132
3321adf2,29.521,-98.4678,0,0,1701979293,135
3321bb60,29.5297,-98.4731,0,0,1701979293,33
3321bd16,29.5214,-98.4683,0,0,1701979226,132
3321adf2,29.521,-98.4678,0,0,1701979293,135
3321bb60,29.5297,-98.4731,0,0,1701979293,33
3321bd16,29.5214,-98.4683,0,0,1701979226,132
3321adf2,29.521,-98.4678,0,0,1701979298,89
3321bb60,29.5297,-98.4731,0,1,1701979301,33
3321bd16,29.5214,-98.4683,0,0,1701979226,132
3321adf2,29.521,-98.4678,0,0,1701979298,89
3321bb60,29.5297,-98.4731,0,1,1701979301,33
3321bd16,29.5214,-98.4683,0,0,1701979226,132
3321adf2,29.521,-98.4678,0,0,1701979298,89
3321bb60,29.5297,-98.4731,0,1,1701979301,33
3321bd16,29.5214,-98.4683,0,0,1701979226,132
3321adf2,29.521,-98.4678,0,0,1701979303,89
3321bb60,29.5297,-98.4731,0,0,1701979305,33
3321bd16,29.5214,-98.4683,0,0,1701979301,132
3321adf2,29.521,-98.4678,0,0,1701979303,89
3321bb60,29.5297,-98.4731,0,0,1701979305,33
3321bd16,29.5214,-98.4683,0,0,1701979301,132
3321adf2,29.521,-98.4678,0,0,1701979303,89
3321bb60,29.5297,-98.4731,0,0,1701979305,33
3321bd16,29.5214,-98.4683,0,0,1701979301,132
3321adf2,29.521,-98.4678,0,0,1701979303,89
3321bb60,29.5297,-98.4731,0,0,1701979305,33
3321bd16,29.5214,-98.4683,0,0,1701979301,132
3321adf2,29.521,-98.4678,0,0,1701979303,89
3321bb60,29.5297,-98.4731,0,1,1701979309,33
3321bd16,29.5214,-98.4683,0,0,1701979301,132
3321adf2,29.521,-98.4678,0,0,1701979303,89
3321bb60,29.5297,-98.4731,0,1,1701979309,33
3321bd16,29.5214,-98.4683,0,0,1701979301,132
3321adf2,29.521,-98.4678,0,0,1701979303,89
3321bb60,29.5297,-98.4731,0,1,1701979309,33
3321bd16,29.5214,-98.4683,0,0,1701979301,132
3321adf2,29.521,-98.4678,0,0,1701979303,89
3321bb60,29.5297,-98.4731,0,1,1701979313,33
3321bd16,29.5214,-98.4683,0,0,1701979311,132
3321adf2,29.521,-98.4678,0,0,1701979303,89
3321bb60,29.5297,-98.4731,0,1,1701979313,33
3321bd16,29.5214,-98.4683,0,0,1701979311,132
3321adf2,29.521,-98.4678,0,0,1701979303,89
3321bb60,29.5297,-98.4731,0,1,1701979313,33
3321bd16,29.5214,-98.4683,0,0,1701979311,132
3321adf2,29.521,-98.4678,0,0,1701979313,89
3321bb60,29.5297,-98.4731,0,0,1701979317,33
3321bd16,29.5214,-98.4683,0,0,1701979311,132
3321adf2,29.521,-98.4678,0,0,1701979313,89
3321bb60,29.5297,-98.4731,0,0,1701979317,33
3321bd16,29.5214,-98.4683,0,0,1701979311,132
3321adf2,29.521,-98.4678,0,0,1701979313,89
3321bb60,29.5297,-98.4731,0,0,1701979317,33
3321bd16,29.5214,-98.4683,0,0,1701979311,132
3321adf2,29.521,-98.4678,0,0,1701979318,89
3321bb60,29.5297,-98.4731,0,1,1701979321,33
3321bd16,29.5214,-98.4683,0,0,1701979311,132
3321adf2,29.521,-98.4678,0,0,1701979318,89
3321bb60,29.5297,-98.4731,0,1,1701979321,33
3321bd16,29.5214,-98.4683,0,0,1701979311,132
3321adf2,29.521,-98.4678,0,0,1701979318,89
3321bb60,29.5297,-98.4731,0,1,1701979321,33
3321bd16,29.5214,-98.4683,0,0,1701979311,132
3321adf2,29.521,-98.4678,0,0,1701979318,89
3321bb60,29.5297,-98.4731,0,0,1701979325,33
3321bd16,29.5214,-98.4683,0,0,1701979311,132
3321adf2,29.521,-98.4678,0,0,1701979318,89
3321bb60,29.5297,-98.4731,0,0,1701979325,33
3321bd16,29.5214,-98.4683,0,0,1701979311,132
3321adf2,29.521,-98.4678,0,0,1701979318,89
3321bb60,29.5297,-98.4731,0,0,1701979325,33
3321bd16,29.5214,-98.4683,0,0,1701979311,132
3321adf2,29.521,-98.4678,0,0,1701979328,316
3321bb60,29.5297,-98.4731,0,0,1701979325,33
3321bd16,29.5214,-98.4683,0,0,1701979311,132
3321adf2,29.521,-98.4678,0,0,1701979328,316
3321bb60,29.5297,-98.4731,0,0,1701979325,33
3321bd16,29.5214,-98.4683,0,0,1701979311,132
3321adf2,29.521,-98.4678,0,0,1701979328,316
3321bb60,29.5297,-98.4731,0,0,1701979325,33
3321bd16,29.5214,-98.4683,0,0,1701979311,132
3321adf2,29.521,-98.4678,0,0,1701979328,316
3321bb60,29.5297,-98.4731,0,0,1701979325,33
3321bd16,29.5214,-98.4683,0,0,1701979311,132
3321adf2,29.521,-98.4678,0,0,1701979333,180
3321bb60,29.5297,-98.4731,0,0,1701979330,33
3321bd16,29.5214,-98.4683,0,0,1701979311,132
3321adf2,29.521,-98.4678,0,0,1701979333,180
3321bb60,29.5297,-98.4731,0,0,1701979330,33
3321bd16,29.5214,-98.4683,0,0,1701979311,132
3321adf2,29.521,-98.4678,0,0,1701979333,180
3321bb60,29.5297,-98.4731,0,0,1701979330,33
3321bd16,29.5214,-98.4683,0,0,1701979311,132
3321adf2,29.521,-98.4678,0,0,1701979333,180
3321bb60,29.5297,-98.4731,0,0,1701979335,33
3321bd16,29.5214,-98.4683,0,0,1701979311,132
3321adf2,29.521,-98.4678,0,0,1701979333,180
3321bb60,29.5297,-98.4731,0,0,1701979335,33
3321bd16,29.5214,-98.4683,0,0,1701979311,132
3321adf2,29.521,-98.4678,0,0,1701979333,180
3321bb60,29.5297,-98.4731,0,0,1701979335,33
3321bd16,29.5214,-98.4683,0,0,1701979311,132
3321adf2,29.521,-98.4678,0,0,1701979333,180
3321bb60,29.5297,-98.4731,0,0,1701979340,33
3321bd16,29.5214,-98.4683,0,0,1701979311,132
3321adf2,29.521,-98.4678,0,0,1701979333,180
3321bb60,29.5297,-98.4731,0,0,1701979340,33
3321bd16,29.5214,-98.4683,0,0,1701979311,132
3321adf2,29.521,-98.4678,0,0,1701979333,180
3321bb60,29.5297,-98.4731,0,0,1701979340,33
3321bd16,29.5214,-98.4683,0,0,1701979311,132
3321adf2,29.521,-98.4678,0,0,1701979343,180
3321bb60,29.5297,-98.4731,0,0,1701979340,33
3321bd16,29.5214,-98.4683,0,0,1701979341,132
3321adf2,29.521,-98.4678,0,0,1701979343,180
3321bb60,29.5297,-98.4731,0,0,1701979340,33
3321bd16,29.5214,-98.4683,0,0,1701979341,132
3321adf2,29.521,-98.4678,0,0,1701979343,180
3321bb60,29.5297,-98.4731,0,0,1701979340,33
3321bd16,29.5214,-98.4683,0,0,1701979341,132
3321adf2,29.5209,-98.4678,0,0,1701979348,180
3321bb60,29.5297,-98.4731,0,0,1701979346,33
3321bd16,29.5214,-98.4683,0,0,1701979341,132
3321adf2,29.5209,-98.4678,0,0,1701979348,180
3321bb60,29.5297,-98.4731,0,0,1701979346,33
3321bd16,29.5214,-98.4683,0,0,1701979341,132
3321adf2,29.5209,-98.4678,0,0,1701979348,180
3321bb60,29.5297,-98.4731,0,0,1701979346,33
3321bd16,29.5214,-98.4683,0,0,1701979341,132
3321adf2,29.5209,-98.4678,0,0,1701979348,180
3321bb60,29.5297,-98.4731,0,0,1701979350,33
3321bd16,29.5214,-98.4683,0,0,1701979341,132
3321adf2,29.5209,-98.4678,0,0,1701979348,180
3321bb60,29.5297,-98.4731,0,0,1701979350,33
3321bd16,29.5214,-98.4683,0,0,1701979341,132
3321adf2,29.5209,-98.4678,0,0,1701979348,180
3321bb60,29.5297,-98.4731,0,0,1701979350,33
3321bd16,29.5214,-98.4683,0,0,1701979341,132
3321adf2,29.5209,-98.4678,0,0,1701979353,180
3321bb60,29.5297,-98.4731,0,0,1701979356,33
3321bd16,29.5214,-98.4683,0,0,1701979341,132
3321adf2,29.5209,-98.4678,0,0,1701979353,180
3321bb60,29.5297,-98.4731,0,0,1701979356,33
3321bd16,29.5214,-98.4683,0,0,1701979341,132
3321adf2,29.5209,-98.4678,0,0,1701979353,180
3321bb60,29.5297,-98.4731,0,0,1701979356,33
3321bd16,29.5214,-98.4683,0,0,1701979341,132
3321adf2,29.5209,-98.4678,0,0,1701979353,180
3321bb60,29.5297,-98.4731,0,0,1701979356,33
3321bd16,29.5214,-98.4683,0,0,1701979341,132
3321adf2,29.5209,-98.4678,0,0,1701979353,180
3321bb60,29.5297,-98.4731,0,0,1701979360,33
3321bd16,29.5214,-98.4683,0,0,1701979341,132
3321c094,29.525,-98.472,0,0,1701979356,329
3321adf2,29.5209,-98.4678,0,0,1701979353,180
3321bb60,29.5297,-98.4731,0,0,1701979360,33
3321bd16,29.5214,-98.4683,0,0,1701979341,132
3321c094,29.525,-98.472,0,0,1701979356,329
3321adf2,29.5209,-98.4678,0,0,1701979353,180
3321bb60,29.5297,-98.4731,0,0,1701979360,33
3321bd16,29.5214,-98.4683,0,0,1701979341,132
3321c094,29.525,-98.472,0,0,1701979356,329
3321adf2,29.5209,-98.4678,0,0,1701979353,180
3321bb60,29.5297,-98.4731,0,0,1701979365,36
3321bd16,29.5214,-98.4683,0,0,1701979341,132
3321c094,29.525,-98.472,0,0,1701979356,329
3321adf2,29.5209,-98.4678,0,0,1701979353,180
3321bb60,29.5297,-98.4731,0,0,1701979365,36
3321bd16,29.5214,-98.4683,0,0,1701979341,132
3321c094,29.525,-98.472,0,0,1701979356,329
3321adf2,29.5209,-98.4678,0,0,1701979353,180
3321bb60,29.5297,-98.4731,0,0,1701979365,36
3321bd16,29.5214,-98.4683,0,0,1701979341,132
3321c094,29.525,-98.472,0,0,1701979356,329
3321adf2,29.5209,-98.4678,0,0,1701979353,180
3321bb60,29.5297,-98.4731,0,0,1701979365,36
3321bd16,29.5214,-98.4683,0,0,1701979341,132
3321c094,29.525,-98.472,0,0,1701979356,329
3321adf2,29.5209,-98.4678,0,0,1701979353,180
3321bb60,29.5297,-98.4731,0,0,1701979365,36
3321bd16,29.5214,-98.4683,0,0,1701979341,132
3321c094,29.525,-98.472,0,0,1701979356,329
3321adf2,29.5209,-98.4678,0,0,1701979353,180
3321bb60,29.5297,-98.4731,0,0,1701979365,36
3321bd16,29.5214,-98.4683,0,0,1701979341,132
3321c094,29.525,-98.472,0,0,1701979356,329
3321adf2,29.5209,-98.4678,0,0,1701979353,180
3321bb60,29.5298,-98.473,0,4,1701979373,39
3321bd16,29.5214,-98.4683,0,0,1701979341,132
3321c094,29.525,-98.472,0,0,1701979356,329
3321adf2,29.5209,-98.4678,0,0,1701979353,180
3321bb60,29.5298,-98.473,0,4,1701979373,39
3321bd16,29.5214,-98.4683,0,0,1701979341,132
3321c094,29.525,-98.472,0,0,1701979356,329
3321adf2,29.5209,-98.4678,0,0,1701979353,180
3321bb60,29.5298,-98.473,0,4,1701979373,39
3321bd16,29.5214,-98.4683,0,0,1701979341,132
3321c094,29.525,-98.472,0,0,1701979356,329
3321adf2,29.521,-98.4678,0,0,1701979373,308
3321bb60,29.5299,-98.473,0,5,1701979376,39
3321bd16,29.5214,-98.4683,0,0,1701979341,132
3321c094,29.525,-98.472,0,0,1701979356,329
3321adf2,29.521,-98.4678,0,0,1701979373,308
3321bb60,29.5299,-98.473,0,5,1701979376,39
3321bd16,29.5214,-98.4683,0,0,1701979341,132
3321c094,29.525,-98.472,0,0,1701979356,329
3321adf2,29.521,-98.4678,0,0,1701979373,308
3321bb60,29.5299,-98.473,0,5,1701979376,39
3321bd16,29.5214,-98.4683,0,0,1701979341,132
3321c094,29.525,-98.472,0,0,1701979356,329
3321adf2,29.521,-98.4678,0,0,1701979373,308
3321bb60,29.5299,-98.473,0,5,1701979376,39
3321bd16,29.5214,-98.4683,0,0,1701979341,132
3321c094,29.525,-98.472,0,0,1701979356,329
3321adf2,29.5209,-98.4678,0,0,1701979378,180
3321bb60,29.5299,-98.4729,0,6,1701979379,42
3321bd16,29.5214,-98.4683,0,0,1701979341,132
3321c094,29.525,-98.472,0,0,1701979356,329
3321adf2,29.5209,-98.4678,0,0,1701979378,180
3321bb60,29.5299,-98.4729,0,6,1701979379,42
3321bd16,29.5214,-98.4683,0,0,1701979341,132
3321c094,29.525,-98.472,0,0,1701979356,329
3321adf2,29.5209,-98.4678,0,0,1701979378,180
3321bb60,29.5299,-98.4729,0,6,1701979379,42
3321bd16,29.5214,-98.4683,0,0,1701979341,132
3321c094,29.525,-98.472,0,0,1701979356,329
3321adf2,29.5209,-98.4678,0,0,1701979378,180
3321bb60,29.53,-98.4728,0,7,1701979383,42
3321bd16,29.5214,-98.4683,0,0,1701979381,132
3321c094,29.525,-98.472,0,0,1701979356,329
3321adf2,29.5209,-98.4678,0,0,1701979378,180
3321bb60,29.53,-98.4728,0,7,1701979383,42
3321bd16,29.5214,-98.4683,0,0,1701979381,132
3321c094,29.525,-98.472,0,0,1701979356,329
3321adf2,29.5209,-98.4678,0,0,1701979378,180
3321bb60,29.53,-98.4728,0,7,1701979383,42
3321bd16,29.5214,-98.4683,0,0,1701979381,132
3321c094,29.525,-98.472,0,0,1701979356,329
3321adf2,29.5209,-98.4678,0,0,1701979388,180
3321bb60,29.5301,-98.4727,0,8,1701979387,36
3321bd16,29.5214,-98.4683,0,0,1701979381,132
3321c094,29.525,-98.472,0,0,1701979356,329
3321adf2,29.5209,-98.4678,0,0,1701979388,180
3321bb60,29.5301,-98.4727,0,8,1701979387,36
3321bd16,29.5214,-98.4683,0,0,1701979381,132
3321c094,29.525,-98.472,0,0,1701979356,329
3321adf2,29.5209,-98.4678,0,0,1701979388,180
3321bb60,29.5301,-98.4727,0,8,1701979387,36
3321bd16,29.5214,-98.4683,0,0,1701979381,132
3321c094,29.525,-98.472,0,0,1701979356,329
3321adf2,29.5209,-98.4678,0,0,1701979388,180
3321bb60,29.5303,-98.4726,0,9,1701979391,25
3321bd16,29.5214,-98.4683,0,0,1701979381,132
3321c094,29.525,-98.472,0,0,1701979356,329
3321adf2,29.5209,-98.4678,0,0,1701979388,180
3321bb60,29.5303,-98.4726,0,9,1701979391,25
3321bd16,29.5214,-98.4683,0,0,1701979381,132
3321c094,29.525,-98.472,0,0,1701979356,329
3321adf2,29.5209,-98.4678,0,0,1701979388,180
3321bb60,29.5303,-98.4726,0,9,1701979391,25
3321bd16,29.5214,-98.4683,0,0,1701979381,132
3321c094,29.525,-98.472,0,0,1701979356,329
3321adf2,29.5209,-98.4678,0,0,1701979393,89
3321bb60,29.5304,-98.4726,0,10,1701979395,14
3321bd16,29.5214,-98.4683,0,0,1701979381,132
3321c094,29.525,-98.472,0,0,1701979356,329
3321adf2,29.5209,-98.4678,0,0,1701979393,89
3321bb60,29.5304,-98.4726,0,10,1701979395,14
3321bd16,29.5214,-98.4683,0,0,1701979381,132
3321c094,29.525,-98.472,0,0,1701979356,329
3321adf2,29.5209,-98.4678,0,0,1701979393,89
3321bb60,29.5304,-98.4726,0,10,1701979395,14
3321bd16,29.5214,-98.4683,0,0,1701979381,132
3321c094,29.525,-98.472,0,0,1701979356,329
3321adf2,29.5209,-98.4678,0,0,1701979393,89
3321bb60,29.5307,-98.4726,0,10,1701979400,2
3321bd16,29.5214,-98.4683,0,0,1701979381,132
3321c094,29.525,-98.472,0,0,1701979356,329
3321adf2,29.5209,-98.4678,0,0,1701979393,89
3321bb60,29.5307,-98.4726,0,10,1701979400,2
3321bd16,29.5214,-98.4683,0,0,1701979381,132
3321c094,29.525,-98.472,0,0,1701979356,329
3321adf2,29.5209,-98.4678,0,0,1701979393,89
3321bb60,29.5307,-98.4726,0,10,1701979400,2
3321bd16,29.5214,-98.4683,0,0,1701979381,132
3321c094,29.525,-98.472,0,0,1701979356,329
3321adf2,29.521,-98.4678,0,0,1701979403,89
3321bb60,29.5309,-98.4726,0,10,1701979405,348
3321bd16,29.5214,-98.4683,0,0,1701979381,132
3321c094,29.525,-98.472,0,0,1701979356,329
3321adf2,29.521,-98.4678,0,0,1701979403,89
3321bb60,29.5309,-98.4726,0,10,1701979405,348
3321bd16,29.5214,-98.4683,0,0,1701979381,132
3321c094,29.525,-98.472,0,0,1701979356,329
3321adf2,29.521,-98.4678,0,0,1701979403,89
3321bb60,29.5309,-98.4726,0,10,1701979405,348
3321bd16,29.5214,-98.4683,0,0,1701979381,132
3321c094,29.525,-98.472,0,0,1701979356,329
3321adf2,29.521,-98.4678,0,0,1701979403,89
3321bb60,29.5311,-98.4727,0,11,1701979409,340
3321bd16,29.5214,-98.4683,0,0,1701979381,132
3321c094,29.525,-98.472,0,0,1701979356,329
3321adf2,29.521,-98.4678,0,0,1701979403,89
3321bb60,29.5311,-98.4727,0,11,1701979409,340
3321bd16,29.5214,-98.4683,0,0,1701979381,132
3321c094,29.525,-98.472,0,0,1701979356,329
3321adf2,29.521,-98.4678,0,0,1701979403,89
3321bb60,29.5311,-98.4727,0,11,1701979409,340
3321bd16,29.5214,-98.4683,0,0,1701979381,132
3321c094,29.525,-98.472,0,0,1701979356,329
3321adf2,29.521,-98.4678,0,0,1701979403,89
3321bb60,29.5311,-98.4727,0,11,1701979409,340
3321bd16,29.5214,-98.4683,0,0,1701979381,132
3321c094,29.525,-98.472,0,0,1701979356,329
3321adf2,29.521,-98.4678,0,0,1701979403,89
3321bb60,29.5313,-98.4728,0,12,1701979413,331
3321bd16,29.5214,-98.4683,0,0,1701979381,132
3321c094,29.525,-98.472,0,0,1701979356,329
3321adf2,29.521,-98.4678,0,0,1701979403,89
3321bb60,29.5313,-98.4728,0,12,1701979413,331
3321bd16,29.5214,-98.4683,0,0,1701979381,132
3321c094,29.525,-98.472,0,0,1701979356,329
3321adf2,29.521,-98.4678,0,0,1701979403,89
3321bb60,29.5313,-98.4728,0,12,1701979413,331
3321bd16,29.5214,-98.4683,0,0,1701979381,132
3321c094,29.525,-98.472,0,0,1701979356,329
3321adf2,29.521,-98.4678,0,0,1701979403,89
3321bb60,29.5314,-98.4729,0,13,1701979416,326
3321bd16,29.5214,-98.4683,0,0,1701979416,132
3321c094,29.525,-98.472,0,0,1701979356,329
3321adf2,29.521,-98.4678,0,0,1701979403,89
3321bb60,29.5314,-98.4729,0,13,1701979416,326
3321bd16,29.5214,-98.4683,0,0,1701979416,132
3321c094,29.525,-98.472,0,0,1701979356,329
3321adf2,29.521,-98.4678,0,0,1701979403,89
3321bb60,29.5314,-98.4729,0,13,1701979416,326
3321bd16,29.5214,-98.4683,0,0,1701979416,132
3321c094,29.525,-98.472,0,0,1701979356,329
3321adf2,29.521,-98.4678,0,0,1701979403,89
3321bb60,29.5316,-98.4731,0,14,1701979420,317
3321bd16,29.5214,-98.4683,0,0,1701979416,132
3321c094,29.525,-98.472,0,0,1701979356,329
3321adf2,29.521,-98.4678,0,0,1701979403,89
3321bb60,29.5316,-98.4731,0,14,1701979420,317
3321bd16,29.5214,-98.4683,0,0,1701979416,132
3321c094,29.525,-98.472,0,0,1701979356,329
3321adf2,29.521,-98.4678,0,0,1701979403,89
3321bb60,29.5316,-98.4731,0,14,1701979420,317
3321bd16,29.5214,-98.4683,0,0,1701979416,132
3321c094,29.525,-98.472,0,0,1701979356,329
3321adf2,29.521,-98.4678,0,0,1701979423,44
3321bb60,29.5318,-98.4733,0,15,1701979424,315
3321bd16,29.5214,-98.4683,0,0,1701979416,132
3321c094,29.525,-98.472,0,0,1701979356,329
3321adf2,29.521,-98.4678,0,0,1701979423,44
3321bb60,29.5318,-98.4733,0,15,1701979424,315
3321bd16,29.5214,-98.4683,0,0,1701979416,132
3321c094,29.525,-98.472,0,0,1701979356,329
3321adf2,29.521,-98.4678,0,0,1701979423,44
3321bb60,29.5318,-98.4733,0,15,1701979424,315
3321bd16,29.5214,-98.4683,0,0,1701979416,132
3321c094,29.525,-98.472,0,0,1701979356,329
3321adf2,29.521,-98.4678,0,0,1701979428,44
3321bb60,29.532,-98.4736,0,15,1701979429,312
3321bd16,29.5214,-98.4683,0,0,1701979416,132
3321c094,29.525,-98.472,0,0,1701979356,329
3321adf2,29.521,-98.4678,0,0,1701979428,44
3321bb60,29.532,-98.4736,0,15,1701979429,312
3321bd16,29.5214,-98.4683,0,0,1701979416,132
3321c094,29.525,-98.472,0,0,1701979356,329
3321adf2,29.521,-98.4678,0,0,1701979428,44
3321bb60,29.532,-98.4736,0,15,1701979429,312
3321bd16,29.5214,-98.4683,0,0,1701979416,132
3321c094,29.525,-98.472,0,0,1701979356,329
3321adf2,29.521,-98.4678,0,0,1701979428,44
3321bb60,29.5322,-98.4738,0,15,1701979433,312
3321bd16,29.5214,-98.4683,0,0,1701979431,132
3321c094,29.525,-98.472,0,0,1701979356,329
3321adf2,29.521,-98.4678,0,0,1701979428,44
3321bb60,29.5322,-98.4738,0,15,1701979433,312
3321bd16,29.5214,-98.4683,0,0,1701979431,132
3321c094,29.525,-98.472,0,0,1701979356,329
3321adf2,29.521,-98.4678,0,0,1701979428,44
3321bb60,29.5322,-98.4738,0,15,1701979433,312
3321bd16,29.5214,-98.4683,0,0,1701979431,132
3321c094,29.525,-98.472,0,0,1701979356,329
3321adf2,29.521,-98.4678,0,0,1701979428,44
3321bb60,29.5322,-98.4738,0,15,1701979433,312
3321bd16,29.5214,-98.4683,0,0,1701979431,132
3321c094,29.525,-98.472,0,0,1701979356,329
3321adf2,29.521,-98.4678,0,0,1701979428,44
3321bb60,29.5324,-98.4741,0,15,1701979437,312
3321bd16,29.5214,-98.4683,0,0,1701979436,132
3321c094,29.525,-98.472,0,0,1701979356,329
3321adf2,29.521,-98.4678,0,0,1701979428,44
3321bb60,29.5324,-98.4741,0,15,1701979437,312
3321bd16,29.5214,-98.4683,0,0,1701979436,132
3321c094,29.525,-98.472,0,0,1701979356,329
3321adf2,29.521,-98.4678,0,0,1701979428,44
3321bb60,29.5324,-98.4741,0,15,1701979437,312
3321bd16,29.5214,-98.4683,0,0,1701979436,132
3321c094,29.525,-98.472,0,0,1701979356,329
3321adf2,29.521,-98.4678,0,0,1701979428,44
3321bb60,29.5326,-98.4743,0,15,1701979441,312
3321bd16,29.5214,-98.4683,0,0,1701979436,132
3321c094,29.525,-98.472,0,0,1701979356,329
3321adf2,29.521,-98.4678,0,0,1701979428,44
3321bb60,29.5326,-98.4743,0,15,1701979441,312
3321bd16,29.5214,-98.4683,0,0,1701979436,132
3321c094,29.525,-98.472,0,0,1701979356,329
3321adf2,29.521,-98.4678,0,0,1701979428,44
3321bb60,29.5326,-98.4743,0,15,1701979441,312
3321bd16,29.5214,-98.4683,0,0,1701979436,132
3321c094,29.525,-98.472,0,0,1701979356,329
3321adf2,29.521,-98.4678,0,0,1701979443,44
3321bb60,29.5327,-98.4746,0,14,1701979445,312
3321bd16,29.5214,-98.4683,0,0,1701979436,132
3321adf2,29.521,-98.4678,0,0,1701979443,44
3321bb60,29.5327,-98.4746,0,14,1701979445,312
3321bd16,29.5214,-98.4683,0,0,1701979436,132
3321adf2,29.521,-98.4678,0,0,1701979443,44
3321bb60,29.5327,-98.4746,0,14,1701979445,312
3321bd16,29.5214,-98.4683,0,0,1701979436,132
3321adf2,29.521,-98.4678,0,0,1701979448,44
3321bb60,29.5329,-98.4748,0,14,1701979449,312
3321bd16,29.5214,-98.4683,0,0,1701979436,132
3321adf2,29.521,-98.4678,0,0,1701979448,44
3321bb60,29.5329,-98.4748,0,14,1701979449,312
3321bd16,29.5214,-98.4683,0,0,1701979436,132
3321adf2,29.521,-98.4678,0,0,1701979448,44
3321bb60,29.5329,-98.4748,0,14,1701979449,312
3321bd16,29.5214,-98.4683,0,0,1701979436,132
3321adf2,29.521,-98.4678,0,4,1701979452,52
3321bb60,29.5331,-98.475,0,14,1701979453,312
3321bd16,29.5214,-98.4683,0,0,1701979436,132
3321adf2,29.521,-98.4678,0,4,1701979452,52
3321bb60,29.5331,-98.475,0,14,1701979453,312
3321bd16,29.5214,-98.4683,0,0,1701979436,132
3321adf2,29.521,-98.4678,0,4,1701979452,52
3321bb60,29.5331,-98.475,0,14,1701979453,312
3321bd16,29.5214,-98.4683,0,0,1701979436,132
3321adf2,29.5211,-98.4678,0,0,1701979455,12
3321bb60,29.5333,-98.4752,0,15,1701979457,312
3321bd16,29.5214,-98.4683,0,0,1701979455,132
3321adf2,29.5211,-98.4678,0,0,1701979455,12
3321bb60,29.5333,-98.4752,0,15,1701979457,312
3321bd16,29.5214,-98.4683,0,0,1701979455,132
3321adf2,29.5211,-98.4678,0,0,1701979455,12
3321bb60,29.5333,-98.4752,0,15,1701979457,312
3321bd16,29.5214,-98.4683,0,0,1701979455,132
3321adf2,29.5211,-98.4678,0,0,1701979455,12
3321bb60,29.5335,-98.4755,0,15,1701979461,312
3321bd16,29.5214,-98.4683,0,0,1701979455,132
3321adf2,29.5211,-98.4678,0,0,1701979455,12
3321bb60,29.5335,-98.4755,0,15,1701979461,312
3321bd16,29.5214,-98.4683,0,0,1701979455,132
3321adf2,29.5211,-98.4678,0,0,1701979455,12
3321bb60,29.5335,-98.4755,0,15,1701979461,312
3321bd16,29.5214,-98.4683,0,0,1701979455,132
3321adf2,29.5211,-98.4678,0,0,1701979455,12
3321bb60,29.5337,-98.4758,0,16,1701979465,312
3321bd16,29.5214,-98.4683,0,0,1701979455,132
3321adf2,29.5211,-98.4678,0,0,1701979455,12
3321bb60,29.5337,-98.4758,0,16,1701979465,312
3321bd16,29.5214,-98.4683,0,0,1701979455,132
3321adf2,29.5211,-98.4678,0,0,1701979455,12
3321bb60,29.5337,-98.4758,0,16,1701979465,312
3321bd16,29.5214,-98.4683,0,0,1701979455,132
3321adf2,29.5211,-98.4678,0,0,1701979455,12
3321bb60,29.5339,-98.476,0,17,1701979469,312
3321bd16,29.5214,-98.4683,0,0,1701979455,132
3321adf2,29.5211,-98.4678,0,0,1701979455,12
3321bb60,29.5339,-98.476,0,17,1701979469,312
3321bd16,29.5214,-98.4683,0,0,1701979455,132
3321adf2,29.5211,-98.4678,0,0,1701979455,12
3321bb60,29.5339,-98.476,0,17,1701979469,312
3321bd16,29.5214,-98.4683,0,0,1701979455,132
3321adf2,29.5211,-98.4678,0,0,1701979455,12
3321bb60,29.5339,-98.476,0,17,1701979469,312
3321bd16,29.5214,-98.4683,0,0,1701979455,132
3321adf2,29.5211,-98.4678,0,0,1701979455,12
3321bb60,29.5341,-98.4762,0,18,1701979472,312
3321bd16,29.5214,-98.4683,0,0,1701979455,132
3321adf2,29.5211,-98.4678,0,0,1701979455,12
3321bb60,29.5341,-98.4762,0,18,1701979472,312
3321bd16,29.5214,-98.4683,0,0,1701979455,132
3321adf2,29.5211,-98.4678,0,0,1701979455,12
3321bb60,29.5341,-98.4762,0,18,1701979472,312
3321bd16,29.5214,-98.4683,0,0,1701979455,132
3321adf2,29.5211,-98.4678,0,0,1701979455,12
3321bb60,29.5343,-98.4765,0,19,1701979476,312
3321bd16,29.5214,-98.4683,0,0,1701979455,132
3321adf2,29.5211,-98.4678,0,0,1701979455,12
3321bb60,29.5343,-98.4765,0,19,1701979476,312
3321bd16,29.5214,-98.4683,0,0,1701979455,132
3321adf2,29.5211,-98.4678,0,0,1701979455,12
3321bb60,29.5343,-98.4765,0,19,1701979476,312
3321bd16,29.5214,-98.4683,0,0,1701979455,132
3321adf2,29.5216,-98.4678,0,0,1701979478,353
3321bb60,29.5345,-98.4769,0,20,1701979480,312
3321bd16,29.5214,-98.4683,0,0,1701979455,132
3321adf2,29.5216,-98.4678,0,0,1701979478,353
3321bb60,29.5345,-98.4769,0,20,1701979480,312
3321bd16,29.5214,-98.4683,0,0,1701979455,132
3321adf2,29.5216,-98.4678,0,0,1701979478,353
3321bb60,29.5345,-98.4769,0,20,1701979480,312
3321bd16,29.5214,-98.4683,0,0,1701979455,132
3321adf2,29.5218,-98.4678,0,6,1701979485,13
3321bb60,29.5348,-98.4772,0,21,1701979484,312
3321bd16,29.5214,-98.4683,0,0,1701979455,132
3321adf2,29.5218,-98.4678,0,6,1701979485,13
3321bb60,29.5348,-98.4772,0,21,1701979484,312
3321bd16,29.5214,-98.4683,0,0,1701979455,132
3321adf2,29.5218,-98.4678,0,6,1701979485,13
3321bb60,29.5348,-98.4772,0,21,1701979484,312
3321bd16,29.5214,-98.4683,0,0,1701979455,132
3321adf2,29.5218,-98.4678,0,6,1701979485,13
3321bb60,29.535,-98.4775,0,21,1701979487,312
3321bd16,29.5214,-98.4683,0,0,1701979455,132
3321adf2,29.5218,-98.4678,0,6,1701979485,13
3321bb60,29.535,-98.4775,0,21,1701979487,312
3321bd16,29.5214,-98.4683,0,0,1701979455,132
3321adf2,29.5218,-98.4678,0,6,1701979485,13
3321bb60,29.535,-98.4775,0,21,1701979487,312
3321bd16,29.5214,-98.4683,0,0,1701979455,132
3321adf2,29.5218,-98.4678,0,6,1701979485,13
3321bb60,29.5353,-98.4779,0,21,1701979493,312
3321bd16,29.5214,-98.4683,0,0,1701979455,132
3321adf2,29.5218,-98.4678,0,6,1701979485,13
3321bb60,29.5353,-98.4779,0,21,1701979493,312
3321bd16,29.5214,-98.4683,0,0,1701979455,132
3321adf2,29.5218,-98.4678,0,6,1701979485,13
3321bb60,29.5353,-98.4779,0,21,1701979493,312
3321bd16,29.5214,-98.4683,0,0,1701979455,132
3321adf2,29.5218,-98.4678,0,6,1701979485,13
3321bb60,29.5353,-98.4779,0,21,1701979493,312
3321bd16,29.5214,-98.4683,0,0,1701979455,132
3321adf2,29.5218,-98.4678,0,6,1701979485,13
3321bb60,29.5356,-98.4783,0,21,1701979497,312
3321bd16,29.5214,-98.4683,0,0,1701979455,132
3321adf2,29.5218,-98.4678,0,6,1701979485,13
3321bb60,29.5356,-98.4783,0,21,1701979497,312
3321bd16,29.5214,-98.4683,0,0,1701979455,132
3321adf2,29.5218,-98.4678,0,6,1701979485,13
3321bb60,29.5356,-98.4783,0,21,1701979497,312
3321bd16,29.5214,-98.4683,0,0,1701979455,132
3321adf2,29.5218,-98.4678,0,6,1701979485,13
3321bb60,29.5358,-98.4785,0,21,1701979500,312
3321bd16,29.5214,-98.4683,0,0,1701979455,132
3321adf2,29.5218,-98.4678,0,6,1701979485,13
3321bb60,29.5358,-98.4785,0,21,1701979500,312
3321bd16,29.5214,-98.4683,0,0,1701979455,132
3321adf2,29.5218,-98.4678,0,6,1701979485,13
3321bb60,29.5358,-98.4785,0,21,1701979500,312
3321bd16,29.5214,-98.4683,0,0,1701979455,132
3321adf2,29.5218,-98.4678,0,6,1701979485,13
3321bb60,29.5362,-98.479,0,22,1701979505,312
3321bd16,29.5214,-98.4683,0,0,1701979455,132
3321adf2,29.5218,-98.4678,0,6,1701979485,13
3321bb60,29.5362,-98.479,0,22,1701979505,312
3321bd16,29.5214,-98.4683,0,0,1701979455,132
3321adf2,29.5218,-98.4678,0,6,1701979485,13
3321bb60,29.5362,-98.479,0,22,1701979505,312
3321bd16,29.5214,-98.4683,0,0,1701979455,132
3321adf2,29.5218,-98.4678,0,6,1701979485,13
3321bb60,29.5364,-98.4793,0,22,1701979509,312
3321bd16,29.5214,-98.4683,0,0,1701979455,132
3321adf2,29.5218,-98.4678,0,6,1701979485,13
3321bb60,29.5364,-98.4793,0,22,1701979509,312
3321bd16,29.5214,-98.4683,0,0,1701979455,132
3321adf2,29.5218,-98.4678,0,6,1701979485,13
3321bb60,29.5364,-98.4793,0,22,1701979509,312
3321bd16,29.5214,-98.4683,0,0,1701979455,132
3321adf2,29.5218,-98.4678,0,6,1701979485,13
3321bb60,29.5367,-98.4797,0,22,1701979513,312
3321bd16,29.5214,-98.4683,0,0,1701979455,132
3321adf2,29.5218,-98.4678,0,6,1701979485,13
3321bb60,29.5367,-98.4797,0,22,1701979513,312
3321bd16,29.5214,-98.4683,0,0,1701979455,132
3321adf2,29.5218,-98.4678,0,6,1701979485,13
3321bb60,29.5367,-98.4797,0,22,1701979513,312
3321bd16,29.5214,-98.4683,0,0,1701979455,132
3321adf2,29.5218,-98.4678,0,6,1701979485,13
3321bb60,29.5369,-98.4799,0,22,1701979515,312
3321bd16,29.5214,-98.4683,0,0,1701979455,132
3321adf2,29.5218,-98.4678,0,6,1701979485,13
3321bb60,29.5369,-98.4799,0,22,1701979515,312
3321bd16,29.5214,-98.4683,0,0,1701979455,132
3321adf2,29.5218,-98.4678,0,6,1701979485,13
3321bb60,29.5369,-98.4799,0,22,1701979515,312
3321bd16,29.5214,-98.4683,0,0,1701979455,132
3321adf2,29.5218,-98.4678,0,6,1701979485,13
3321bb60,29.5369,-98.4799,0,22,1701979515,312
3321bd16,29.5214,-98.4683,0,0,1701979455,132
3321adf2,29.5218,-98.4678,0,6,1701979485,13
3321bb60,29.5369,-98.4799,0,22,1701979515,312
3321bd16,29.5214,-98.4683,0,0,1701979455,132
3321adf2,29.5218,-98.4678,0,6,1701979485,13
3321bb60,29.5369,-98.4799,0,22,1701979515,312
3321bd16,29.5214,-98.4683,0,0,1701979455,132
3321adf2,29.5218,-98.4678,0,6,1701979485,13
3321bb60,29.5369,-98.4799,0,22,1701979515,312
3321bd16,29.5214,-98.4683,0,0,1701979455,132
3321adf2,29.5218,-98.4678,0,6,1701979485,13
3321bb60,29.5374,-98.4806,0,22,1701979523,312
3321bd16,29.5214,-98.4683,0,0,1701979455,132
3321adf2,29.5218,-98.4678,0,6,1701979485,13
3321bb60,29.5374,-98.4806,0,22,1701979523,312
3321bd16,29.5214,-98.4683,0,0,1701979455,132
3321adf2,29.5218,-98.4678,0,6,1701979485,13
3321bb60,29.5374,-98.4806,0,22,1701979523,312
3321bd16,29.5214,-98.4683,0,0,1701979455,132
3321adf2,29.5218,-98.4678,0,6,1701979485,13
3321bb60,29.5374,-98.4806,0,22,1701979523,312
3321bd16,29.5214,-98.4683,0,0,1701979455,132
3321adf2,29.5218,-98.4678,0,6,1701979485,13
3321bb60,29.5374,-98.4806,0,22,1701979523,312
3321bd16,29.5214,-98.4683,0,0,1701979455,132
3321adf2,29.5218,-98.4678,0,6,1701979485,13
3321bb60,29.5374,-98.4806,0,22,1701979523,312
3321bd16,29.5214,-98.4683,0,0,1701979455,132
3321adf2,29.5229,-98.4689,0,2,1701979532,320
3321bb60,29.5382,-98.4815,0,23,1701979533,312
3321bd16,29.5214,-98.4683,0,0,1701979455,132
3321adf2,29.5229,-98.4689,0,2,1701979532,320
3321bb60,29.5382,-98.4815,0,23,1701979533,312
3321bd16,29.5214,-98.4683,0,0,1701979455,132
3321adf2,29.5229,-98.4689,0,2,1701979532,320
3321bb60,29.5382,-98.4815,0,23,1701979533,312
3321bd16,29.5214,-98.4683,0,0,1701979455,132
3321adf2,29.5229,-98.4689,0,2,1701979532,320
3321bb60,29.5385,-98.4819,0,24,1701979537,312
3321bd16,29.5214,-98.4683,0,0,1701979455,132
3321adf2,29.5229,-98.4689,0,2,1701979532,320
3321bb60,29.5385,-98.4819,0,24,1701979537,312
3321bd16,29.5214,-98.4683,0,0,1701979455,132
3321adf2,29.5229,-98.4689,0,2,1701979532,320
3321bb60,29.5385,-98.4819,0,24,1701979537,312
3321bd16,29.5214,-98.4683,0,0,1701979455,132
3321adf2,29.5229,-98.4689,0,2,1701979532,320
3321bb60,29.5386,-98.482,0,24,1701979538,312
3321bd16,29.5214,-98.4683,0,0,1701979455,132
3321adf2,29.5229,-98.4689,0,2,1701979532,320
3321bb60,29.5386,-98.482,0,24,1701979538,312
3321bd16,29.5214,-98.4683,0,0,1701979455,132
3321adf2,29.5229,-98.4689,0,2,1701979532,320
3321bb60,29.5386,-98.482,0,24,1701979538,312
3321bd16,29.5214,-98.4683,0,0,1701979455,132
3321adf2,29.5229,-98.4689,0,2,1701979532,320
3321bb60,29.5386,-98.482,0,24,1701979538,312
3321bd16,29.5227,-98.4686,0,1,1701979544,312
3321adf2,29.5229,-98.4689,0,2,1701979532,320
3321bb60,29.5386,-98.482,0,24,1701979538,312
3321bd16,29.5227,-98.4686,0,1,1701979544,312
3321adf2,29.5229,-98.4689,0,2,1701979532,320
3321bb60,29.5386,-98.482,0,24,1701979538,312
3321bd16,29.5227,-98.4686,0,1,1701979544,312
3321adf2,29.5229,-98.4689,0,2,1701979532,320
3321bb60,29.5386,-98.482,0,24,1701979538,312
3321bd16,29.5227,-98.4686,0,1,1701979547,312
3321adf2,29.5229,-98.4689,0,2,1701979532,320
3321bb60,29.5386,-98.482,0,24,1701979538,312
3321bd16,29.5227,-98.4686,0,1,1701979547,312
3321adf2,29.5229,-98.4689,0,2,1701979532,320
3321bb60,29.5386,-98.482,0,24,1701979538,312
3321bd16,29.5227,-98.4686,0,1,1701979547,312
3321adf2,29.5229,-98.4689,0,2,1701979532,320
3321bb60,29.5386,-98.482,0,24,1701979538,312
3321bd16,29.5227,-98.4686,0,1,1701979547,312
3321adf2,29.5229,-98.4689,0,2,1701979532,320
3321bb60,29.5395,-98.4832,0,25,1701979551,312
3321bd16,29.5227,-98.4686,0,1,1701979552,312
3321adf2,29.5229,-98.4689,0,2,1701979532,320
3321bb60,29.5395,-98.4832,0,25,1701979551,312
3321bd16,29.5227,-98.4686,0,1,1701979552,312
3321adf2,29.5229,-98.4689,0,0,1701979555,298
3321bb60,29.5395,-98.4832,0,25,1701979551,312
3321bd16,29.5227,-98.4686,0,1,1701979556,312
3321adf2,29.5229,-98.4689,0,0,1701979555,298
3321bb60,29.5395,-98.4832,0,25,1701979551,312
3321bd16,29.5227,-98.4686,0,1,1701979556,312
3321adf2,29.5229,-98.4689,0,0,1701979555,298
3321bb60,29.5395,-98.4832,0,25,1701979551,312
3321bd16,29.5227,-98.4686,0,1,1701979556,312
3321adf2,29.5229,-98.4689,0,0,1701979555,298
3321bb60,29.5403,-98.4842,0,0,1701979560,312
3321bd16,29.5227,-98.4686,0,1,1701979560,312
3321adf2,29.5229,-98.4689,0,0,1701979555,298
3321bb60,29.5403,-98.4842,0,0,1701979560,312
3321bd16,29.5227,-98.4686,0,1,1701979560,312
3321adf2,29.5229,-98.4689,0,0,1701979555,298
3321bb60,29.5403,-98.4842,0,0,1701979560,312
3321bd16,29.5227,-98.4686,0,1,1701979560,312
3321adf2,29.5229,-98.4689,0,0,1701979555,298
3321bb60,29.5403,-98.4843,0,26,1701979561,312
3321bd16,29.5227,-98.4686,0,0,1701979564,312
3321adf2,29.5229,-98.4689,0,0,1701979555,298
3321bb60,29.5403,-98.4843,0,26,1701979561,312
3321bd16,29.5227,-98.4686,0,0,1701979564,312
3321adf2,29.5229,-98.4689,0,0,1701979555,298
3321bb60,29.5403,-98.4843,0,26,1701979561,312
3321bd16,29.5227,-98.4686,0,0,1701979564,312
3321adf2,29.5229,-98.4689,0,0,1701979555,298
3321bb60,29.5403,-98.4843,0,26,1701979561,312
3321bd16,29.5227,-98.4686,0,1,1701979567,312
3321adf2,29.5229,-98.4689,0,0,1701979555,298
3321bb60,29.5403,-98.4843,0,26,1701979561,312
3321bd16,29.5227,-98.4686,0,1,1701979567,312
3321adf2,29.5229,-98.4689,0,0,1701979555,298
3321bb60,29.5403,-98.4843,0,26,1701979561,312
3321bd16,29.5227,-98.4686,0,1,1701979567,312
3321adf2,29.5229,-98.4689,0,0,1701979555,298
3321bb60,29.5403,-98.4843,0,26,1701979561,312
3321bd16,29.5227,-98.4686,0,1,1701979567,312
3321adf2,29.5229,-98.4689,0,0,1701979555,298
3321bb60,29.541,-98.4852,0,17,1701979571,312
3321bd16,29.5227,-98.4686,0,1,1701979567,312
3321adf2,29.5229,-98.4689,0,0,1701979555,298
3321bb60,29.541,-98.4852,0,17,1701979571,312
3321bd16,29.5227,-98.4686,0,1,1701979567,312
3321adf2,29.5229,-98.4689,0,0,1701979555,298
3321bb60,29.541,-98.4852,0,17,1701979571,312
3321bd16,29.5227,-98.4686,0,1,1701979567,312
3321adf2,29.5229,-98.4689,0,0,1701979555,298
3321bb60,29.541,-98.4852,0,17,1701979571,312
3321bd16,29.5227,-98.4686,0,1,1701979567,312
3321adf2,29.5229,-98.4689,0,0,1701979555,298
3321bb60,29.541,-98.4852,0,17,1701979571,312
3321bd16,29.5227,-98.4686,0,1,1701979567,312
3321adf2,29.5229,-98.4689,0,0,1701979555,298
3321bb60,29.541,-98.4852,0,17,1701979571,312
3321bd16,29.5227,-98.4686,0,1,1701979567,312
3321adf2,29.5229,-98.4689,0,0,1701979555,298
3321bb60,29.5415,-98.4858,0,0,1701979581,312
3321bd16,29.5227,-98.4686,0,0,1701979577,312
3321adf2,29.5229,-98.4689,0,0,1701979555,298
3321bb60,29.5415,-98.4858,0,0,1701979581,312
3321bd16,29.5227,-98.4686,0,0,1701979577,312
3321adf2,29.5229,-98.4689,0,0,1701979555,298
3321bb60,29.5415,-98.4858,0,0,1701979581,312
3321bd16,29.5227,-98.4686,0,0,1701979577,312
3321adf2,29.523,-98.4689,0,0,1701979583,316
3321bb60,29.5417,-98.486,0,14,1701979585,326
3321bd16,29.5227,-98.4686,0,0,1701979582,312
3321adf2,29.523,-98.4689,0,0,1701979583,316
3321bb60,29.5417,-98.486,0,14,1701979585,326
3321bd16,29.5227,-98.4686,0,0,1701979582,312
3321adf2,29.523,-98.4689,0,0,1701979583,316
3321bb60,29.5417,-98.486,0,14,1701979585,326
3321bd16,29.5227,-98.4686,0,0,1701979582,312
3321adf2,29.5231,-98.4691,0,0,1701979587,309
3321bb60,29.5419,-98.486,0,14,1701979589,351
3321bd16,29.5227,-98.4686,0,0,1701979582,312
3321adf2,29.5231,-98.4691,0,0,1701979587,309
3321bb60,29.5419,-98.486,0,14,1701979589,351
3321bd16,29.5227,-98.4686,0,0,1701979582,312
3321adf2,29.5231,-98.4691,0,0,1701979587,309
3321bb60,29.5419,-98.486,0,14,1701979589,351
3321bd16,29.5227,-98.4686,0,0,1701979582,312
3321adf2,29.5231,-98.4691,0,0,1701979587,309
3321bb60,29.5422,-98.486,0,14,1701979593,19
3321bd16,29.5227,-98.4686,0,0,1701979582,312
3321adf2,29.5231,-98.4691,0,0,1701979587,309
3321bb60,29.5422,-98.486,0,14,1701979593,19
3321bd16,29.5227,-98.4686,0,0,1701979582,312
3321adf2,29.5231,-98.4691,0,0,1701979587,309
3321bb60,29.5422,-98.486,0,14,1701979593,19
3321bd16,29.5227,-98.4686,0,0,1701979582,312
3321adf2,29.5233,-98.4694,0,8,1701979596,305
3321bb60,29.5422,-98.4859,0,14,1701979594,25
3321bd16,29.5227,-98.4686,0,0,1701979582,312
3321adf2,29.5233,-98.4694,0,8,1701979596,305
3321bb60,29.5422,-98.4859,0,14,1701979594,25
3321bd16,29.5227,-98.4686,0,0,1701979582,312
3321adf2,29.5233,-98.4694,0,8,1701979596,305
3321bb60,29.5422,-98.4859,0,14,1701979594,25
3321bd16,29.5227,-98.4686,0,0,1701979582,312
3321adf2,29.5233,-98.4694,0,8,1701979596,305
3321bb60,29.5422,-98.4859,0,14,1701979594,25
3321bd16,29.5227,-98.4686,0,0,1701979582,312
3321adf2,29.5233,-98.4695,0,7,1701979599,312
3321bb60,29.5422,-98.4859,0,14,1701979594,25
3321bd16,29.5227,-98.4686,0,0,1701979582,312
3321adf2,29.5233,-98.4695,0,7,1701979599,312
3321bb60,29.5422,-98.4859,0,14,1701979594,25
3321bd16,29.5227,-98.4686,0,0,1701979582,312
3321adf2,29.5233,-98.4695,0,7,1701979599,312
3321bb60,29.5422,-98.4859,0,14,1701979594,25
3321bd16,29.5227,-98.4686,0,0,1701979582,312
3321adf2,29.5233,-98.4695,0,7,1701979599,312
3321bb60,29.5422,-98.4859,0,14,1701979594,25
3321bd16,29.5227,-98.4686,0,0,1701979582,312
3321adf2,29.5233,-98.4695,0,7,1701979599,312
3321bb60,29.5422,-98.4859,0,14,1701979594,25
3321bd16,29.5227,-98.4686,0,0,1701979582,312
3321adf2,29.5233,-98.4695,0,7,1701979599,312
3321bb60,29.5422,-98.4859,0,14,1701979594,25
3321bd16,29.5227,-98.4686,0,0,1701979582,312
3321adf2,29.5233,-98.4695,0,7,1701979599,312
3321bb60,29.5422,-98.4859,0,14,1701979594,25
3321bd16,29.5227,-98.4686,0,0,1701979582,312
3321adf2,29.5233,-98.4695,0,7,1701979599,312
3321bb60,29.5422,-98.4859,0,14,1701979594,25
3321bd16,29.5227,-98.4686,0,0,1701979582,312
3321adf2,29.5233,-98.4695,0,7,1701979599,312
3321bb60,29.5422,-98.4859,0,14,1701979594,25
3321bd16,29.5227,-98.4686,0,0,1701979582,312
3321adf2,29.5233,-98.4695,0,7,1701979599,312
3321bb60,29.5422,-98.4859,0,14,1701979594,25
3321bd16,29.5227,-98.4686,0,0,1701979582,312
3321adf2,29.5233,-98.4695,0,7,1701979599,312
3321bb60,29.5422,-98.4859,0,14,1701979594,25
3321bd16,29.5227,-98.4686,0,0,1701979582,312
3321adf2,29.5233,-98.4695,0,7,1701979599,312
3321bb60,29.5422,-98.4859,0,14,1701979594,25
3321bd16,29.5227,-98.4686,0,0,1701979582,312
3321adf2,29.5233,-98.4695,0,7,1701979599,312
3321bb60,29.5422,-98.4859,0,14,1701979594,25
3321bd16,29.5227,-98.4686,0,0,1701979582,312
3321adf2,29.5233,-98.4695,0,7,1701979599,312
3321bb60,29.5422,-98.4859,0,14,1701979594,25
3321bd16,29.5227,-98.4686,0,0,1701979582,312
3321adf2,29.5233,-98.4695,0,7,1701979599,312
3321bb60,29.5422,-98.4859,0,14,1701979594,25
3321bd16,29.5227,-98.4686,0,0,1701979582,312
3321adf2,29.5233,-98.4695,0,7,1701979599,312
3321bb60,29.5422,-98.4859,0,14,1701979594,25
3321bd16,29.5227,-98.4686,0,0,1701979582,312
3321c531,29.5288,-98.4715,0,0,1701979621,286
3321adf2,29.5233,-98.4695,0,7,1701979599,312
3321bb60,29.5422,-98.4859,0,14,1701979594,25
3321bd16,29.5227,-98.4686,0,0,1701979582,312
3321c531,29.5288,-98.4715,0,0,1701979621,286
3321adf2,29.5233,-98.4695,0,7,1701979599,312
3321bb60,29.5422,-98.4859,0,14,1701979594,25
3321bd16,29.5227,-98.4686,0,0,1701979582,312
3321c531,29.5288,-98.4715,0,0,1701979621,286
3321adf2,29.5233,-98.4695,0,7,1701979599,312
3321bb60,29.5422,-98.4859,0,14,1701979594,25
3321bd16,29.5227,-98.4686,0,0,1701979582,312
3321c531,29.5288,-98.4715,0,0,1701979621,286
3321adf2,29.5233,-98.4695,0,7,1701979599,312
3321bb60,29.5422,-98.4859,0,14,1701979594,25
3321bd16,29.5227,-98.4686,0,0,1701979582,312
3321c531,29.5288,-98.4715,0,0,1701979621,286
3321adf2,29.5233,-98.4695,0,7,1701979599,312
3321bb60,29.5422,-98.4859,0,14,1701979594,25
3321bd16,29.5227,-98.4686,0,0,1701979582,312
3321c531,29.5288,-98.4715,0,0,1701979621,286
3321adf2,29.5233,-98.4695,0,7,1701979599,312
3321bb60,29.5422,-98.4859,0,14,1701979594,25
3321bd16,29.5227,-98.4686,0,0,1701979582,312
3321c531,29.5288,-98.4715,0,0,1701979621,286
3321adf2,29.5233,-98.4695,0,7,1701979599,312
3321bb60,29.5422,-98.4859,0,14,1701979594,25
3321bd16,29.5227,-98.4686,0,0,1701979582,312
3321c531,29.5288,-98.4715,0,0,1701979625,286
3321adf2,29.5233,-98.4695,0,7,1701979599,312
3321bb60,29.5422,-98.4859,0,14,1701979594,25
3321bd16,29.5227,-98.4686,0,0,1701979582,312
3321c531,29.5288,-98.4715,0,0,1701979625,286
3321adf2,29.5233,-98.4695,0,7,1701979599,312
3321bb60,29.5422,-98.4859,0,14,1701979594,25
3321bd16,29.5227,-98.4686,0,0,1701979582,312
3321c531,29.5288,-98.4715,0,0,1701979625,286
3321adf2,29.5233,-98.4695,0,7,1701979599,312
3321bb60,29.5422,-98.4859,0,14,1701979594,25
3321bd16,29.5227,-98.4686,0,0,1701979582,312
3321c531,29.5288,-98.4715,0,0,1701979625,286
3321adf2,29.5233,-98.4695,0,7,1701979599,312
3321bb60,29.5422,-98.4859,0,14,1701979594,25
3321bd16,29.5227,-98.4686,0,0,1701979582,312
3321c531,29.5288,-98.4715,0,0,1701979625,286
3321adf2,29.5233,-98.4695,0,7,1701979599,312
3321bb60,29.5422,-98.4859,0,14,1701979594,25
3321bd16,29.5227,-98.4686,0,0,1701979582,312
3321c531,29.5288,-98.4715,0,0,1701979625,286
3321adf2,29.5233,-98.4695,0,7,1701979599,312
3321bb60,29.5422,-98.4859,0,14,1701979594,25
3321bd16,29.5227,-98.4686,0,0,1701979582,312
3321c531,29.5288,-98.4715,0,0,1701979635,286
3321adf2,29.5233,-98.4695,0,7,1701979599,312
3321bb60,29.5422,-98.4859,0,14,1701979594,25
3321bd16,29.5227,-98.4686,0,0,1701979582,312
3321c531,29.5288,-98.4715,0,0,1701979635,286
3321adf2,29.5233,-98.4695,0,7,1701979599,312
3321bb60,29.5422,-98.4859,0,14,1701979594,25
3321bd16,29.5227,-98.4686,0,0,1701979582,312
3321c531,29.5288,-98.4715,0,0,1701979635,286
3321adf2,29.5233,-98.4695,0,7,1701979599,312
3321bb60,29.5422,-98.4859,0,14,1701979594,25
3321bd16,29.5227,-98.4686,0,0,1701979582,312
3321c531,29.5288,-98.4715,0,0,1701979640,286
3321adf2,29.5233,-98.4695,0,7,1701979599,312
3321bb60,29.5422,-98.4859,0,14,1701979594,25
3321bd16,29.5227,-98.4686,0,0,1701979582,312
3321c531,29.5288,-98.4715,0,0,1701979640,286
3321adf2,29.5233,-98.4695,0,7,1701979599,312
3321bb60,29.5422,-98.4859,0,14,1701979594,25
3321bd16,29.5227,-98.4686,0,0,1701979582,312
3321c531,29.5288,-98.4715,0,0,1701979640,286
3321adf2,29.5233,-98.4695,0,7,1701979599,312
3321bb60,29.5422,-98.4859,0,14,1701979594,25
3321bd16,29.5227,-98.4686,0,0,1701979582,312
3321c531,29.5288,-98.4715,0,0,1701979640,286
3321adf2,29.5233,-98.4695,0,7,1701979599,312
3321bb60,29.5422,-98.4859,0,14,1701979594,25
3321bd16,29.5227,-98.4686,0,0,1701979582,312
3321c531,29.5288,-98.4715,0,0,1701979640,286
3321bb60,29.5422,-98.4859,0,14,1701979594,25
3321bd16,29.5227,-98.4686,0,0,1701979582,312
3321c531,29.5288,-98.4715,0,0,1701979646,286
3321bb60,29.5422,-98.4859,0,14,1701979594,25
3321bd16,29.5227,-98.4686,0,0,1701979582,312
3321c531,29.5288,-98.4715,0,0,1701979646,286
3321bb60,29.5422,-98.4859,0,14,1701979594,25
3321bd16,29.5227,-98.4686,0,0,1701979582,312
3321c531,29.5288,-98.4715,0,0,1701979646,286
3321bb60,29.5422,-98.4859,0,14,1701979594,25
3321bd16,29.5227,-98.4686,0,0,1701979582,312
3321c531,29.5288,-98.4715,0,0,1701979646,286
3321bb60,29.5422,-98.4859,0,14,1701979594,25
3321bd16,29.5227,-98.4686,0,0,1701979582,312
3321c531,29.5288,-98.4715,0,0,1701979651,286
3321bb60,29.5422,-98.4859,0,14,1701979594,25
3321bd16,29.5227,-98.4686,0,0,1701979582,312
3321c531,29.5288,-98.4715,0,0,1701979651,286
3321bb60,29.5422,-98.4859,0,14,1701979594,25
3321bd16,29.5227,-98.4686,0,0,1701979582,312
3321c531,29.5288,-98.4715,0,0,1701979651,286
3321bb60,29.5422,-98.4859,0,14,1701979594,25
3321bd16,29.5227,-98.4686,0,0,1701979582,312
3321c531,29.5288,-98.4715,0,0,1701979656,286
3321bb60,29.5422,-98.4859,0,14,1701979594,25
3321bd16,29.5227,-98.4686,0,0,1701979582,312
3321c531,29.5288,-98.4715,0,0,1701979656,286
3321bb60,29.5422,-98.4859,0,14,1701979594,25
3321bd16,29.5227,-98.4686,0,0,1701979582,312
3321c531,29.5288,-98.4715,0,0,1701979656,286
3321bb60,29.5422,-98.4859,0,14,1701979594,25
3321bd16,29.5227,-98.4686,0,0,1701979582,312
3321c531,29.5288,-98.4715,0,0,1701979656,286
3321bb60,29.5422,-98.4859,0,14,1701979594,25
3321bd16,29.5227,-98.4686,0,0,1701979582,312
3321c531,29.5288,-98.4715,0,0,1701979656,286
3321bb60,29.5422,-98.4859,0,14,1701979594,25
3321bd16,29.5227,-98.4686,0,0,1701979582,312
3321c531,29.5288,-98.4715,0,0,1701979656,286
3321bb60,29.5422,-98.4859,0,14,1701979594,25
3321bd16,29.5227,-98.4686,0,0,1701979582,312
3321c531,29.5288,-98.4715,0,0,1701979661,286
3321bb60,29.5422,-98.4859,0,14,1701979594,25
3321bd16,29.5227,-98.4686,0,0,1701979582,312
3321c531,29.5288,-98.4715,0,0,1701979661,286
3321bb60,29.5422,-98.4859,0,14,1701979594,25
3321bd16,29.5227,-98.4686,0,0,1701979582,312
3321c531,29.5288,-98.4715,0,0,1701979661,286
3321bb60,29.5422,-98.4859,0,14,1701979594,25
3321bd16,29.5227,-98.4686,0,0,1701979582,312
3321c531,29.5288,-98.4715,0,0,1701979666,286
3321bb60,29.5422,-98.4859,0,14,1701979594,25
3321bd16,29.5227,-98.4686,0,0,1701979582,312
3321c531,29.5288,-98.4715,0,0,1701979666,286
3321bb60,29.5422,-98.4859,0,14,1701979594,25
3321c531,29.5288,-98.4715,0,0,1701979666,286
3321bb60,29.5422,-98.4859,0,14,1701979594,25
3321c531,29.5288,-98.4715,0,0,1701979671,286
3321bb60,29.5422,-98.4859,0,14,1701979594,25
3321c531,29.5288,-98.4715,0,0,1701979671,286
3321bb60,29.5422,-98.4859,0,14,1701979594,25
3321c531,29.5288,-98.4715,0,0,1701979671,286
3321bb60,29.5422,-98.4859,0,14,1701979594,25
3321c531,29.5288,-98.4715,0,0,1701979671,286
3321bb60,29.5422,-98.4859,0,14,1701979594,25
3321c531,29.5288,-98.4715,0,0,1701979671,286
3321bb60,29.5422,-98.4859,0,14,1701979594,25
3321c531,29.5288,-98.4715,0,0,1701979671,286
3321bb60,29.5422,-98.4859,0,14,1701979594,25
3321c531,29.5288,-98.4715,0,0,1701979671,286
3321bb60,29.5422,-98.4859,0,14,1701979594,25
3321c531,29.5288,-98.4715,0,0,1701979671,286
3321bb60,29.5422,-98.4859,0,14,1701979594,25
3321c531,29.5288,-98.4715,0,0,1701979671,286
3321c531,29.5288,-98.4715,0,0,1701979671,286
3321c531,29.5288,-98.4715,0,0,1701979682,286
3321c531,29.5288,-98.4715,0,0,1701979682,286
3321c531,29.5288,-98.4715,0,0,1701979682,286
3321c531,29.5288,-98.4715,0,0,1701979686,286
3321c531,29.5288,-98.4715,0,0,1701979686,286
3321c531,29.5288,-98.4715,0,0,1701979686,286
3321c531,29.5288,-98.4715,0,0,1701979691,286
3321c531,29.5288,-98.4715,0,0,1701979691,286
3321c531,29.5288,-98.4715,0,0,1701979691,286
3321c531,29.5288,-98.4715,0,0,1701979696,286
3321c531,29.5288,-98.4715,0,0,1701979696,286
3321c531,29.5288,-98.4715,0,0,1701979696,286
3321c531,29.5288,-98.4715,0,0,1701979701,286
3321c531,29.5288,-98.4715,0,0,1701979701,286
3321c531,29.5288,-98.4715,0,0,1701979701,286
3321c531,29.5288,-98.4715,0,0,1701979701,286
3321c531,29.5288,-98.4715,0,0,1701979701,286
3321c531,29.5288,-98.4715,0,0,1701979701,286
3321c531,29.5288,-98.4715,0,0,1701979701,286
3321c531,29.5288,-98.4715,0,0,1701979706,286
3321c531,29.5288,-98.4715,0,0,1701979706,286
3321c531,29.5288,-98.4715,0,0,1701979706,286
3321c531,29.5288,-98.4715,0,0,1701979711,286
3321c531,29.5288,-98.4715,0,0,1701979711,286
3321c531,29.5288,-98.4715,0,0,1701979711,286
3321c531,29.5288,-98.4715,0,0,1701979717,286
3321c531,29.5288,-98.4715,0,0,1701979717,286
3321c531,29.5288,-98.4715,0,0,1701979717,286
3321c531,29.5288,-98.4715,0,0,1701979717,286
3321c531,29.5288,-98.4715,0,0,1701979717,286
3321c531,29.5288,-98.4715,0,0,1701979717,286
3321c531,29.5288,-98.4715,0,0,1701979717,286
3321c531,29.5288,-98.4715,0,0,1701979722,286
3321c531,29.5288,-98.4715,0,0,1701979722,286
3321c531,29.5288,-98.4715,0,0,1701979722,286
3321c531,29.5288,-98.4715,0,0,1701979727,286
3321c531,29.5288,-98.4715,0,0,1701979727,286
3321c531,29.5288,-98.4715,0,0,1701979727,286
3321c531,29.5288,-98.4715,0,0,1701979732,286
3321c531,29.5288,-98.4715,0,0,1701979732,286
3321c531,29.5288,-98.4715,0,0,1701979732,286
3321c531,29.5288,-98.4715,0,0,1701979737,286
3321c531,29.5288,-98.4715,0,0,1701979737,286
3321c531,29.5288,-98.4715,0,0,1701979737,286
3321c531,29.5288,-98.4715,0,0,1701979737,286
3321c531,29.5288,-98.4715,0,0,1701979737,286
3321c531,29.5288,-98.4715,0,0,1701979737,286
3321c531,29.5288,-98.4715,0,0,1701979741,286
3321c531,29.5288,-98.4715,0,0,1701979741,286
3321c531,29.5288,-98.4715,0,0,1701979741,286
33213847,29.5279,-98.48,0,0,1701979734,0
3321c531,29.5288,-98.4715,0,0,1701979746,286
33213847,29.5279,-98.48,0,0,1701979734,0
3321c531,29.5288,-98.4715,0,0,1701979746,286
33213847,29.5279,-98.48,0,0,1701979734,0
3321c531,29.5288,-98.4715,0,0,1701979746,286
33213847,29.5279,-98.48,0,0,1701979734,0
3321c531,29.5288,-98.4715,0,0,1701979746,286
33213847,29.5279,-98.48,0,0,1701979734,0
3321c531,29.5288,-98.4715,0,0,1701979751,286
33213847,29.5279,-98.48,0,0,1701979734,0
3321c531,29.5288,-98.4715,0,0,1701979751,286
33213847,29.5279,-98.48,0,0,1701979734,0
3321c531,29.5288,-98.4715,0,0,1701979751,286
33213847,29.5279,-98.48,0,0,1701979734,0
3321c531,29.5288,-98.4715,0,0,1701979756,286
33213847,29.5279,-98.48,0,0,1701979734,0
3321c531,29.5288,-98.4715,0,0,1701979756,286
33213847,29.5279,-98.48,0,0,1701979734,0
3321c531,29.5288,-98.4715,0,0,1701979756,286
33213847,29.5279,-98.48,0,0,1701979759,0
3321c531,29.5288,-98.4715,0,0,1701979761,286
33213847,29.5279,-98.48,0,0,1701979759,0
3321c531,29.5288,-98.4715,0,0,1701979761,286
33213847,29.5279,-98.48,0,0,1701979759,0
3321c531,29.5288,-98.4715,0,0,1701979761,286
33213847,29.5279,-98.48,0,0,1701979759,0
3321c531,29.5288,-98.4715,0,0,1701979761,286
33213847,29.5279,-98.48,0,0,1701979759,0
3321c531,29.5288,-98.4715,0,0,1701979761,286
33213847,29.5279,-98.48,0,0,1701979759,0
3321c531,29.5288,-98.4715,0,0,1701979761,286
33213847,29.5279,-98.48,0,0,1701979759,0
3321c531,29.5288,-98.4715,0,0,1701979766,286
33213847,29.5279,-98.48,0,0,1701979759,0
3321c531,29.5288,-98.4715,0,0,1701979766,286
33213847,29.5279,-98.48,0,0,1701979759,0
3321c531,29.5288,-98.4715,0,0,1701979766,286
33213847,29.5279,-98.48,0,0,1701979759,0
3321c531,29.5288,-98.4715,0,0,1701979771,286
33213847,29.5279,-98.48,0,0,1701979759,0
3321c531,29.5288,-98.4715,0,0,1701979771,286
33213847,29.5279,-98.48,0,0,1701979759,0
3321c531,29.5288,-98.4715,0,0,1701979771,286
33213847,29.5279,-98.48,0,0,1701979759,0
3321c531,29.5288,-98.4715,0,0,1701979771,286
33213847,29.5279,-98.48,0,0,1701979759,0
3321c531,29.5288,-98.4715,0,0,1701979776,286
33213847,29.5279,-98.48,0,0,1701979759,0
3321c531,29.5288,-98.4715,0,0,1701979776,286
33213847,29.5279,-98.48,0,0,1701979759,0
3321c531,29.5288,-98.4715,0,0,1701979776,286
33213847,29.5279,-98.48,0,0,1701979759,0
3321c531,29.5288,-98.4715,0,0,1701979776,286
33213847,29.5279,-98.48,0,0,1701979759,0
3321c531,29.5288,-98.4715,0,0,1701979776,286
33213847,29.5279,-98.48,0,0,1701979759,0
3321c531,29.5288,-98.4715,0,0,1701979776,286
33213847,29.5279,-98.48,0,0,1701979759,0
3321c531,29.5288,-98.4715,0,0,1701979782,286
33213847,29.5279,-98.48,0,0,1701979759,0
3321c531,29.5288,-98.4715,0,0,1701979782,286
33213847,29.5279,-98.48,0,0,1701979759,0
3321c531,29.5288,-98.4715,0,0,1701979782,286
33213847,29.5279,-98.48,0,0,1701979759,0
3321c531,29.5288,-98.4715,0,0,1701979782,286
33213847,29.5279,-98.48,0,0,1701979759,0
3321c531,29.5288,-98.4715,0,0,1701979782,286
33213847,29.5279,-98.48,0,0,1701979759,0
3321c531,29.5288,-98.4715,0,0,1701979782,286
33213847,29.5279,-98.48,0,0,1701979759,0
3321c531,29.5288,-98.4715,0,0,1701979791,286
33213847,29.5279,-98.48,0,0,1701979759,0
3321c531,29.5288,-98.4715,0,0,1701979791,286
33213847,29.5279,-98.48,0,0,1701979759,0
3321c531,29.5288,-98.4715,0,0,1701979791,286
33213847,29.5279,-98.48,0,0,1701979759,0
3321c531,29.5288,-98.4715,0,0,1701979791,286
33213847,29.5279,-98.48,0,0,1701979759,0
3321c531,29.5288,-98.4715,0,0,1701979797,286
33213847,29.5279,-98.48,0,0,1701979759,0
3321c531,29.5288,-98.4715,0,0,1701979797,286
33213847,29.5279,-98.48,0,0,1701979759,0
3321c531,29.5288,-98.4715,0,0,1701979797,286
33213847,29.5282,-98.4799,0,0,1701979800,19
3321c531,29.5288,-98.4715,0,0,1701979797,286
33213847,29.5282,-98.4799,0,0,1701979800,19
3321c531,29.5288,-98.4715,0,0,1701979797,286
33213847,29.5282,-98.4799,0,0,1701979800,19
3321c531,29.5288,-98.4715,0,0,1701979797,286
33213847,29.5282,-98.4799,0,0,1701979800,19
3321c531,29.5288,-98.4715,0,0,1701979802,286
33213847,29.5282,-98.4799,0,0,1701979800,19
3321c531,29.5288,-98.4715,0,0,1701979802,286
33213847,29.5282,-98.4799,0,0,1701979800,19
3321c531,29.5288,-98.4715,0,0,1701979802,286
33213847,29.5282,-98.4799,0,0,1701979800,19
3321c531,29.5288,-98.4715,0,0,1701979807,286
33213847,29.5282,-98.4799,0,0,1701979800,19
3321c531,29.5288,-98.4715,0,0,1701979807,286
33213847,29.5282,-98.4799,0,0,1701979800,19
3321c531,29.5288,-98.4715,0,0,1701979807,286
33213847,29.528,-98.4799,0,0,1701979812,19
3321c531,29.5288,-98.4715,0,0,1701979812,286
33213847,29.528,-98.4799,0,0,1701979812,19
3321c531,29.5288,-98.4715,0,0,1701979812,286
33213847,29.528,-98.4799,0,0,1701979812,19
3321c531,29.5288,-98.4715,0,0,1701979812,286
33213847,29.528,-98.4799,0,0,1701979812,19
3321c531,29.5288,-98.4715,0,0,1701979812,286
33213847,29.528,-98.4799,0,0,1701979812,19
3321c531,29.5288,-98.4715,0,0,1701979817,286
33213847,29.528,-98.4799,0,0,1701979812,19
3321c531,29.5288,-98.4715,0,0,1701979817,286
33213847,29.528,-98.4799,0,0,1701979812,19
3321c531,29.5288,-98.4715,0,0,1701979817,286
33213847,29.528,-98.4799,0,0,1701979812,19
3321c531,29.5288,-98.4715,0,0,1701979817,286
33213847,29.528,-98.4799,0,0,1701979812,19
3321c531,29.5288,-98.4715,0,0,1701979817,286
33213847,29.528,-98.4799,0,0,1701979812,19
3321c531,29.5288,-98.4715,0,0,1701979817,286
33213847,29.528,-98.4799,0,0,1701979812,19
3321c531,29.5288,-98.4715,0,0,1701979822,286
33213847,29.528,-98.4799,0,0,1701979812,19
3321c531,29.5288,-98.4715,0,0,1701979822,286
33213847,29.528,-98.4799,0,0,1701979812,19
3321c531,29.5288,-98.4715,0,0,1701979822,286
33213847,29.528,-98.4799,0,0,1701979812,19
3321c531,29.5288,-98.4715,0,0,1701979827,286
33213847,29.528,-98.4799,0,0,1701979812,19
3321c531,29.5288,-98.4715,0,0,1701979827,286
33213847,29.528,-98.4799,0,0,1701979812,19
3321c531,29.5288,-98.4715,0,0,1701979827,286
33213847,29.528,-98.4799,0,0,1701979812,19
3321c531,29.5288,-98.4715,0,0,1701979832,286
33213847,29.528,-98.4799,0,0,1701979812,19
3321c531,29.5288,-98.4715,0,0,1701979832,286
33213847,29.528,-98.4799,0,0,1701979812,19
3321c531,29.5288,-98.4715,0,0,1701979832,286
33213847,29.528,-98.4799,0,0,1701979812,19
3321c531,29.5288,-98.4715,0,0,1701979837,286
33213847,29.528,-98.4799,0,0,1701979812,19
3321c531,29.5288,-98.4715,0,0,1701979837,286
33213847,29.528,-98.4799,0,0,1701979812,19
3321c531,29.5288,-98.4715,0,0,1701979837,286
33213847,29.528,-98.4799,0,0,1701979812,19
3321c531,29.5288,-98.4715,0,0,1701979837,286
33213847,29.528,-98.4799,0,0,1701979812,19
3321c531,29.5288,-98.4715,0,0,1701979837,286
33213847,29.528,-98.4799,0,0,1701979812,19
3321c531,29.5288,-98.4715,0,0,1701979837,286
33213847,29.528,-98.4799,0,0,1701979812,19
3321c531,29.5288,-98.4715,0,0,1701979837,286
33213847,29.528,-98.4799,0,0,1701979812,19
3321c531,29.5288,-98.4715,0,0,1701979842,286
33213847,29.528,-98.4799,0,0,1701979812,19
3321c531,29.5288,-98.4715,0,0,1701979842,286
33213847,29.528,-98.4799,0,0,1701979812,19
3321c531,29.5288,-98.4715,0,0,1701979842,286
33213847,29.5283,-98.4799,0,0,1701979848,7
3321c531,29.5288,-98.4715,0,0,1701979847,286
33213847,29.5283,-98.4799,0,0,1701979848,7
3321c531,29.5288,-98.4715,0,0,1701979847,286
33213847,29.5283,-98.4799,0,0,1701979848,7
3321c531,29.5288,-98.4715,0,0,1701979847,286
33213847,29.5283,-98.4799,0,0,1701979849,7
3321c531,29.5288,-98.4715,0,0,1701979852,286
33213847,29.5283,-98.4799,0,0,1701979849,7
3321c531,29.5288,-98.4715,0,0,1701979852,286
33213847,29.5283,-98.4799,0,0,1701979849,7
3321c531,29.5288,-98.4715,0,0,1701979852,286
33213847,29.5283,-98.4799,0,0,1701979849,7
3321c531,29.5288,-98.4715,0,0,1701979852,286
33213847,29.5283,-98.4799,0,0,1701979849,7
3321c531,29.5288,-98.4715,0,0,1701979852,286
33213847,29.5283,-98.4799,0,0,1701979849,7
3321c531,29.5288,-98.4715,0,0,1701979852,286
33213847,29.5283,-98.4799,0,0,1701979849,7
3321c531,29.5288,-98.4715,0,0,1701979852,286
33213847,29.5283,-98.4799,0,0,1701979849,7
3321c531,29.5288,-98.4715,0,0,1701979852,286
33213847,29.5283,-98.4799,0,0,1701979849,7
3321c531,29.5288,-98.4715,0,0,1701979852,286
33213847,29.5283,-98.4799,0,0,1701979849,7
3321c531,29.5288,-98.4715,0,0,1701979852,286
33213847,29.5283,-98.4799,0,0,1701979849,7
3321c531,29.5288,-98.4715,0,0,1701979852,286
33213847,29.5283,-98.4799,0,0,1701979849,7
3321c531,29.5288,-98.4715,0,0,1701979852,286
33213847,29.5283,-98.4799,0,0,1701979849,7
3321c531,29.5288,-98.4715,0,0,1701979852,286
33213847,29.5283,-98.4799,0,0,1701979849,7
3321c531,29.5288,-98.4715,0,0,1701979867,286
33213847,29.5283,-98.4799,0,0,1701979849,7
3321c531,29.5288,-98.4715,0,0,1701979867,286
33213847,29.5283,-98.4799,0,0,1701979849,7
3321c531,29.5288,-98.4715,0,0,1701979867,286
33213847,29.5283,-98.4799,0,0,1701979849,7
3321c531,29.5288,-98.4715,0,0,1701979872,286
33213847,29.5283,-98.4799,0,0,1701979849,7
3321c531,29.5288,-98.4715,0,0,1701979872,286
33213847,29.5283,-98.4799,0,0,1701979849,7
3321c531,29.5288,-98.4715,0,0,1701979872,286
33213847,29.5279,-98.4799,0,0,1701979876,7
3321c531,29.5288,-98.4715,0,0,1701979877,286
33213847,29.5279,-98.4799,0,0,1701979876,7
3321c531,29.5288,-98.4715,0,0,1701979877,286
33213847,29.5279,-98.4799,0,0,1701979876,7
3321c531,29.5288,-98.4715,0,0,1701979877,286
33213847,29.5279,-98.4799,0,0,1701979876,7
3321c531,29.5288,-98.4715,0,0,1701979877,286
33213847,29.5279,-98.4799,0,0,1701979876,7
3321c531,29.5288,-98.4715,0,0,1701979877,286
33213847,29.5279,-98.4799,0,0,1701979876,7
3321c531,29.5288,-98.4715,0,0,1701979877,286
33213847,29.5279,-98.4799,0,0,1701979876,7
3321c531,29.5288,-98.4715,0,0,1701979882,286
33213847,29.5279,-98.4799,0,0,1701979876,7
3321c531,29.5288,-98.4715,0,0,1701979882,286
33213847,29.5279,-98.4799,0,0,1701979876,7
3321c531,29.5288,-98.4715,0,0,1701979882,286
33213847,29.5279,-98.4799,0,0,1701979876,7
3321c531,29.5288,-98.4715,0,0,1701979887,286
33213847,29.5279,-98.4799,0,0,1701979876,7
3321c531,29.5288,-98.4715,0,0,1701979887,286
33213847,29.5279,-98.4799,0,0,1701979876,7
3321c531,29.5288,-98.4715,0,0,1701979887,286
33213847,29.5279,-98.4799,0,0,1701979876,7
3321c531,29.5288,-98.4715,0,0,1701979887,286
33213847,29.5279,-98.4799,0,0,1701979876,7
3321c531,29.5288,-98.4715,0,0,1701979892,286
33213847,29.5279,-98.4799,0,0,1701979876,7
3321c531,29.5288,-98.4715,0,0,1701979892,286
33213847,29.5279,-98.4799,0,0,1701979876,7
3321c531,29.5288,-98.4715,0,0,1701979892,286
33213847,29.5279,-98.4799,0,0,1701979876,7
3321c531,29.5288,-98.4715,0,0,1701979892,286
33213847,29.5279,-98.4799,0,0,1701979876,7
3321c531,29.5288,-98.4715,0,0,1701979892,286
33213847,29.5279,-98.4799,0,0,1701979876,7
3321c531,29.5288,-98.4715,0,0,1701979892,286
33213847,29.5279,-98.4799,0,0,1701979876,7
3321c531,29.5288,-98.4715,0,0,1701979897,286
33213847,29.5279,-98.4799,0,0,1701979876,7
3321c531,29.5288,-98.4715,0,0,1701979897,286
33213847,29.5279,-98.4799,0,0,1701979876,7
3321c531,29.5288,-98.4715,0,0,1701979897,286
33213847,29.5279,-98.4799,0,0,1701979876,7
3321c531,29.5288,-98.4715,0,0,1701979902,286
33213847,29.5279,-98.4799,0,0,1701979876,7
3321c531,29.5288,-98.4715,0,0,1701979902,286
33213847,29.5279,-98.4799,0,0,1701979876,7
3321c531,29.5288,-98.4715,0,0,1701979902,286
33213847,29.5279,-98.4799,0,0,1701979876,7
3321c063,29.5283,-98.4714,0,3,1701979907,320
3321c531,29.5288,-98.4715,0,0,1701979907,286
33213847,29.5279,-98.4799,0,0,1701979876,7
3321c063,29.5283,-98.4714,0,3,1701979907,320
3321c531,29.5288,-98.4715,0,0,1701979907,286
33213847,29.5279,-98.4799,0,0,1701979876,7
3321c063,29.5283,-98.4714,0,3,1701979907,320
3321c531,29.5288,-98.4715,0,0,1701979907,286
33213847,29.5279,-98.4799,0,0,1701979876,7
3321c063,29.5283,-98.4714,0,3,1701979907,320
3321c531,29.5288,-98.4715,0,0,1701979907,286
33213847,29.5279,-98.4799,0,0,1701979876,7
3321c063,29.5283,-98.4714,0,3,1701979907,320
3321c531,29.5288,-98.4715,0,0,1701979911,286
33213847,29.5279,-98.4799,0,0,1701979876,7
3321c063,29.5283,-98.4714,0,3,1701979907,320
3321c531,29.5288,-98.4715,0,0,1701979911,286
33213847,29.5279,-98.4799,0,0,1701979876,7
3321c063,29.5283,-98.4714,0,3,1701979907,320
3321c531,29.5288,-98.4715,0,0,1701979911,286
33213847,29.5279,-98.4799,0,0,1701979876,7
3321c063,29.5282,-98.4713,0,0,1701979916,331
3321c531,29.5288,-98.4715,0,0,1701979916,286
33213847,29.5279,-98.4799,0,0,1701979876,7
3321c063,29.5282,-98.4713,0,0,1701979916,331
3321c531,29.5288,-98.4715,0,0,1701979916,286
33213847,29.5279,-98.4799,0,0,1701979876,7
3321c063,29.5282,-98.4713,0,0,1701979916,331
3321c531,29.5288,-98.4715,0,0,1701979916,286
33213847,29.5279,-98.4799,0,0,1701979876,7
3321c063,29.5282,-98.4712,0,2,1701979920,337
3321c531,29.5288,-98.4715,0,0,1701979916,286
33213847,29.5279,-98.4799,0,0,1701979876,7
3321c063,29.5282,-98.4712,0,2,1701979920,337
3321c531,29.5288,-98.4715,0,0,1701979916,286
33213847,29.5279,-98.4799,0,0,1701979876,7
3321c063,29.5282,-98.4712,0,2,1701979920,337
3321c531,29.5288,-98.4715,0,0,1701979916,286
33213847,29.5279,-98.4799,0,0,1701979876,7
3321c063,29.5281,-98.4712,0,2,1701979924,345
3321c531,29.5288,-98.4715,0,0,1701979916,286
33213847,29.5279,-98.4799,0,0,1701979876,7
3321c063,29.5281,-98.4712,0,2,1701979924,345
3321c531,29.5288,-98.4715,0,0,1701979916,286
33213847,29.5279,-98.4799,0,0,1701979876,7
3321c063,29.5281,-98.4712,0,2,1701979924,345
3321c531,29.5288,-98.4715,0,0,1701979916,286
33213847,29.5279,-98.4799,0,0,1701979876,7
3321c063,29.5281,-98.4712,0,2,1701979929,351
3321c531,29.5288,-98.4715,0,0,1701979926,286
33213847,29.5279,-98.4799,0,0,1701979876,7
3321c063,29.5281,-98.4712,0,2,1701979929,351
3321c531,29.5288,-98.4715,0,0,1701979926,286
33213847,29.5279,-98.4799,0,0,1701979876,7
3321c063,29.5281,-98.4712,0,2,1701979929,351
3321c531,29.5288,-98.4715,0,0,1701979926,286
33213847,29.5279,-98.4799,0,0,1701979876,7
3321c063,29.5281,-98.4712,0,2,1701979933,2
3321c531,29.5288,-98.4715,0,0,1701979931,286
33213847,29.5279,-98.4799,0,0,1701979876,7
3321c063,29.5281,-98.4712,0,2,1701979933,2
3321c531,29.5288,-98.4715,0,0,1701979931,286
33213847,29.5279,-98.4799,0,0,1701979876,7
3321c063,29.5281,-98.4712,0,2,1701979933,2
3321c531,29.5288,-98.4715,0,0,1701979931,286
33213847,29.5279,-98.4799,0,0,1701979876,7
3321c063,29.5281,-98.4712,0,2,1701979933,2
3321c531,29.5288,-98.4715,0,0,1701979931,286
33213847,29.5279,-98.4799,0,0,1701979876,7
3321c063,29.528,-98.4712,0,2,1701979937,14
3321c531,29.5288,-98.4715,0,0,1701979936,286
33213847,29.5279,-98.4799,0,0,1701979876,7
3321c063,29.528,-98.4712,0,2,1701979937,14
3321c531,29.5288,-98.4715,0,0,1701979936,286
33213847,29.5279,-98.4799,0,0,1701979876,7
3321c063,29.528,-98.4712,0,2,1701979937,14
3321c531,29.5288,-98.4715,0,0,1701979936,286
33213847,29.5279,-98.4799,0,0,1701979876,7
3321c063,29.528,-98.4711,0,2,1701979941,25
3321c531,29.5288,-98.4715,0,0,1701979936,286
33213847,29.5279,-98.4799,0,0,1701979876,7
3321c063,29.528,-98.4711,0,2,1701979941,25
3321c531,29.5288,-98.4715,0,0,1701979936,286
33213847,29.5279,-98.4799,0,0,1701979876,7
3321c063,29.528,-98.4711,0,2,1701979941,25
3321c531,29.5288,-98.4715,0,0,1701979936,286
33213847,29.5279,-98.4799,0,0,1701979876,7
3321c063,29.528,-98.4712,0,1,1701979945,33
3321c531,29.5288,-98.4715,0,0,1701979942,286
33213847,29.5279,-98.4799,0,0,1701979876,7
3321c063,29.528,-98.4712,0,1,1701979945,33
3321c531,29.5288,-98.4715,0,0,1701979942,286
33213847,29.5279,-98.4799,0,0,1701979876,7
3321c063,29.528,-98.4712,0,1,1701979945,33
3321c531,29.5288,-98.4715,0,0,1701979942,286
33213847,29.5279,-98.4799,0,0,1701979876,7
3321c063,29.5279,-98.4712,0,1,1701979949,39
3321c531,29.5288,-98.4715,0,0,1701979946,286
33213847,29.5279,-98.4799,0,0,1701979876,7
3321c063,29.5279,-98.4712,0,1,1701979949,39
3321c531,29.5288,-98.4715,0,0,1701979946,286
33213847,29.5279,-98.4799,0,0,1701979876,7
3321c063,29.5279,-98.4712,0,1,1701979949,39
3321c531,29.5288,-98.4715,0,0,1701979946,286
33213847,29.5279,-98.4799,0,0,1701979876,7
3321c063,29.5279,-98.4712,0,1,1701979953,39
3321c531,29.5288,-98.4715,0,0,1701979951,286
33213847,29.5279,-98.4799,0,0,1701979876,7
3321c063,29.5279,-98.4712,0,1,1701979953,39
3321c531,29.5288,-98.4715,0,0,1701979951,286
33213847,29.5279,-98.4799,0,0,1701979876,7
3321c063,29.5279,-98.4712,0,1,1701979953,39
3321c531,29.5288,-98.4715,0,0,1701979951,286
33213847,29.5279,-98.4799,0,0,1701979876,7
3321c063,29.5279,-98.4712,0,1,1701979957,39
3321c531,29.5288,-98.4715,0,0,1701979956,286
33213847,29.5279,-98.4799,0,0,1701979876,7
3321c063,29.5279,-98.4712,0,1,1701979957,39
3321c531,29.5288,-98.4715,0,0,1701979956,286
33213847,29.5279,-98.4799,0,0,1701979876,7
3321c063,29.5279,-98.4712,0,1,1701979957,39
3321c531,29.5288,-98.4715,0,0,1701979956,286
33213847,29.5279,-98.4799,0,0,1701979876,7
3321c063,29.5279,-98.4712,0,1,1701979957,39
3321c531,29.5288,-98.4715,0,0,1701979956,286
33213847,29.5279,-98.4799,0,0,1701979876,7
3321c063,29.5279,-98.4712,0,1,1701979961,39
3321c531,29.5288,-98.4715,0,0,1701979956,286
33213847,29.5279,-98.4799,0,0,1701979876,7
3321c063,29.5279,-98.4712,0,1,1701979961,39
3321c531,29.5288,-98.4715,0,0,1701979956,286
33213847,29.5279,-98.4799,0,0,1701979876,7
3321c063,29.5279,-98.4712,0,1,1701979961,39
3321c531,29.5288,-98.4715,0,0,1701979956,286
3321c063,29.5279,-98.4712,0,0,1701979965,39
3321c531,29.5288,-98.4715,0,0,1701979956,286
3321c063,29.5279,-98.4712,0,0,1701979965,39
3321c531,29.5288,-98.4715,0,0,1701979956,286
3321c063,29.5279,-98.4712,0,0,1701979965,39
3321c531,29.5288,-98.4715,0,0,1701979956,286
3321c063,29.5279,-98.4712,0,0,1701979968,39
3321c531,29.5288,-98.4715,0,0,1701979956,286
3321c063,29.5279,-98.4712,0,0,1701979968,39
3321c531,29.5288,-98.4715,0,0,1701979956,286
3321c063,29.5279,-98.4712,0,0,1701979968,39
3321c531,29.5288,-98.4715,0,0,1701979956,286
3321c063,29.5279,-98.4712,0,0,1701979972,39
3321c531,29.5288,-98.4715,0,0,1701979971,286
3321c063,29.5279,-98.4712,0,0,1701979972,39
3321c531,29.5288,-98.4715,0,0,1701979971,286
3321c063,29.5279,-98.4712,0,0,1701979972,39
3321c531,29.5288,-98.4715,0,0,1701979971,286
3321c063,29.5279,-98.4712,0,0,1701979976,39
3321c531,29.5288,-98.4715,0,0,1701979976,286
3321c063,29.5279,-98.4712,0,0,1701979976,39
3321c531,29.5288,-98.4715,0,0,1701979976,286
3321c063,29.5279,-98.4712,0,0,1701979976,39
3321c531,29.5288,-98.4715,0,0,1701979976,286
3321c063,29.5279,-98.4712,0,0,1701979981,39
3321c531,29.5288,-98.4715,0,0,1701979976,286
3321c063,29.5279,-98.4712,0,0,1701979981,39
3321c531,29.5288,-98.4715,0,0,1701979976,286
3321c063,29.5279,-98.4712,0,0,1701979981,39
3321c531,29.5288,-98.4715,0,0,1701979976,286
3321c063,29.5279,-98.4712,0,0,1701979981,39
3321c531,29.5288,-98.4715,0,0,1701979976,286
3321c063,29.5279,-98.4712,0,0,1701979984,39
3321c531,29.5288,-98.4715,0,0,1701979981,286
3321c063,29.5279,-98.4712,0,0,1701979984,39
3321c531,29.5288,-98.4715,0,0,1701979981,286
3321c063,29.5279,-98.4712,0,0,1701979984,39
3321c531,29.5288,-98.4715,0,0,1701979981,286
3321c063,29.5279,-98.4712,0,0,1701979984,39
3321c531,29.5288,-98.4715,0,0,1701979986,286
3321c063,29.5279,-98.4712,0,0,1701979984,39
3321c531,29.5288,-98.4715,0,0,1701979986,286
3321c063,29.5279,-98.4712,0,0,1701979984,39
3321c531,29.5288,-98.4715,0,0,1701979986,286
3321c063,29.5279,-98.4712,0,0,1701979989,39
3321c531,29.5288,-98.4715,0,0,1701979991,286
3321c063,29.5279,-98.4712,0,0,1701979989,39
3321c531,29.5288,-98.4715,0,0,1701979991,286
3321c063,29.5279,-98.4712,0,0,1701979989,39
3321c531,29.5288,-98.4715,0,0,1701979991,286
3321c063,29.5279,-98.4712,0,0,1701979994,39
3321c531,29.5288,-98.4715,0,0,1701979996,286
3321c063,29.5279,-98.4712,0,0,1701979994,39
3321c531,29.5288,-98.4715,0,0,1701979996,286
3321c063,29.5279,-98.4712,0,0,1701979994,39
3321c531,29.5288,-98.4715,0,0,1701979996,286
3321c063,29.5279,-98.4712,0,0,1701979999,39
3321c531,29.5288,-98.4715,0,0,1701980001,286
3321c063,29.5279,-98.4712,0,0,1701979999,39
3321c531,29.5288,-98.4715,0,0,1701980001,286
3321c063,29.5279,-98.4712,0,0,1701979999,39
3321c531,29.5288,-98.4715,0,0,1701980001,286
3321c063,29.5279,-98.4712,0,0,1701980004,39
3321c531,29.5288,-98.4715,0,0,1701980001,286
3321c063,29.5279,-98.4712,0,0,1701980004,39
3321c531,29.5288,-98.4715,0,0,1701980001,286
3321c063,29.5279,-98.4712,0,0,1701980004,39
3321c531,29.5288,-98.4715,0,0,1701980001,286
3321c063,29.5279,-98.4712,0,0,1701980009,39
3321c531,29.5288,-98.4715,0,0,1701980006,286
3321c063,29.5279,-98.4712,0,0,1701980009,39
3321c531,29.5288,-98.4715,0,0,1701980006,286
3321c063,29.5279,-98.4712,0,0,1701980009,39
3321c531,29.5288,-98.4715,0,0,1701980006,286
3321c063,29.5279,-98.4712,0,0,1701980009,39
3321c531,29.5288,-98.4715,0,0,1701980006,286
33213847,29.5281,-98.48,0,0,1701980013,7
3321c063,29.5279,-98.4712,0,0,1701980009,39
3321c531,29.5288,-98.4715,0,0,1701980006,286
33213847,29.5281,-98.48,0,0,1701980013,7
3321c063,29.5279,-98.4712,0,0,1701980009,39
3321c531,29.5288,-98.4715,0,0,1701980006,286
33213847,29.5281,-98.48,0,0,1701980013,7
3321c063,29.5279,-98.4712,0,0,1701980009,39
3321c531,29.5288,-98.4715,0,0,1701980006,286
33213847,29.5281,-98.48,0,0,1701980013,7
3321c063,29.5279,-98.4712,0,0,1701980014,39
3321c531,29.5288,-98.4715,0,0,1701980016,286
33213847,29.5281,-98.48,0,0,1701980013,7
3321c063,29.5279,-98.4712,0,0,1701980014,39
3321c531,29.5288,-98.4715,0,0,1701980016,286
33213847,29.5281,-98.48,0,0,1701980013,7
3321c063,29.5279,-98.4712,0,0,1701980014,39
3321c531,29.5288,-98.4715,0,0,1701980016,286
33213847,29.5281,-98.48,0,0,1701980013,7
3321c063,29.5279,-98.4712,0,0,1701980019,39
3321c531,29.5288,-98.4715,0,0,1701980021,286
33213847,29.5281,-98.48,0,0,1701980013,7
3321c063,29.5279,-98.4712,0,0,1701980019,39
3321c531,29.5288,-98.4715,0,0,1701980021,286
33213847,29.5281,-98.48,0,0,1701980013,7
3321c063,29.5279,-98.4712,0,0,1701980019,39
3321c531,29.5288,-98.4715,0,0,1701980021,286
33213847,29.5281,-98.48,0,0,1701980013,7
3321c063,29.5279,-98.4712,0,0,1701980019,39
3321c531,29.5288,-98.4715,0,0,1701980021,286
33213847,29.5281,-98.48,0,0,1701980013,7
3321c063,29.5279,-98.4712,0,0,1701980019,39
3321c531,29.5288,-98.4715,0,0,1701980021,286
33213847,29.5281,-98.48,0,0,1701980013,7
3321c063,29.5279,-98.4712,0,0,1701980019,39
3321c531,29.5288,-98.4715,0,0,1701980021,286
33213847,29.5281,-98.48,0,0,1701980013,7
3321c063,29.5279,-98.4712,0,0,1701980029,39
3321c531,29.5288,-98.4715,0,0,1701980026,286
33213847,29.5281,-98.48,0,0,1701980013,7
3321c063,29.5279,-98.4712,0,0,1701980029,39
3321c531,29.5288,-98.4715,0,0,1701980026,286
33213847,29.5281,-98.48,0,0,1701980013,7
3321c063,29.5279,-98.4712,0,0,1701980029,39
3321c531,29.5288,-98.4715,0,0,1701980026,286
33213847,29.5281,-98.48,0,0,1701980013,7
3321c063,29.5279,-98.4712,0,0,1701980029,39
3321c531,29.5288,-98.4715,0,0,1701980026,286
33213847,29.5281,-98.48,0,0,1701980013,7
3321c063,29.5279,-98.4712,0,0,1701980029,39
3321c531,29.5288,-98.4715,0,0,1701980031,286
33213847,29.5281,-98.48,0,0,1701980013,7
3321c063,29.5279,-98.4712,0,0,1701980029,39
3321c531,29.5288,-98.4715,0,0,1701980031,286
33213847,29.5281,-98.48,0,0,1701980013,7
3321c063,29.5279,-98.4712,0,0,1701980029,39
3321c531,29.5288,-98.4715,0,0,1701980031,286
33213847,29.5281,-98.48,0,0,1701980013,7
3321c063,29.5279,-98.4712,0,0,1701980034,39
3321c531,29.5288,-98.4715,0,0,1701980036,286
33213847,29.5281,-98.48,0,0,1701980013,7
3321c063,29.5279,-98.4712,0,0,1701980034,39
3321c531,29.5288,-98.4715,0,0,1701980036,286
33213847,29.5281,-98.48,0,0,1701980013,7
3321c063,29.5279,-98.4712,0,0,1701980034,39
3321c531,29.5288,-98.4715,0,0,1701980036,286
33213847,29.5283,-98.48,0,0,1701980039,337
3321c063,29.5279,-98.4712,0,0,1701980039,39
3321c531,29.5288,-98.4715,0,0,1701980036,286
33213847,29.5283,-98.48,0,0,1701980039,337
3321c063,29.5279,-98.4712,0,0,1701980039,39
3321c531,29.5288,-98.4715,0,0,1701980036,286
33213847,29.5283,-98.48,0,0,1701980039,337
3321c063,29.5279,-98.4712,0,0,1701980039,39
3321c531,29.5288,-98.4715,0,0,1701980036,286
33213847,29.5283,-98.48,0,0,1701980039,337
3321c063,29.5279,-98.4712,0,0,1701980044,39
3321c531,29.5288,-98.4715,0,0,1701980041,286
33213847,29.5283,-98.48,0,0,1701980039,337
3321c063,29.5279,-98.4712,0,0,1701980044,39
3321c531,29.5288,-98.4715,0,0,1701980041,286
33213847,29.5283,-98.48,0,0,1701980039,337
3321c063,29.5279,-98.4712,0,0,1701980044,39
3321c531,29.5288,-98.4715,0,0,1701980041,286
33213847,29.5283,-98.48,0,0,1701980039,337
3321c063,29.5279,-98.4712,0,0,1701980048,39
3321c531,29.5288,-98.4715,0,0,1701980046,286
33213847,29.5283,-98.48,0,0,1701980039,337
3321c063,29.5279,-98.4712,0,0,1701980048,39
3321c531,29.5288,-98.4715,0,0,1701980046,286
33213847,29.5283,-98.48,0,0,1701980039,337
3321c063,29.5279,-98.4712,0,0,1701980048,39
3321c531,29.5288,-98.4715,0,0,1701980046,286
33213847,29.5283,-98.48,0,0,1701980039,337
3321c063,29.5279,-98.4712,0,0,1701980048,39
3321c531,29.5288,-98.4715,0,0,1701980052,286
33213847,29.5283,-98.48,0,0,1701980039,337
3321c063,29.5279,-98.4712,0,0,1701980048,39
3321c531,29.5288,-98.4715,0,0,1701980052,286
33213847,29.5283,-98.48,0,0,1701980039,337
3321c063,29.5279,-98.4712,0,0,1701980048,39
3321c531,29.5288,-98.4715,0,0,1701980052,286
33213847,29.5283,-98.48,0,0,1701980039,337
3321c063,29.5279,-98.4712,0,0,1701980048,39
3321c531,29.5288,-98.4715,0,0,1701980052,286
33213847,29.5283,-98.48,0,0,1701980039,337
3321c063,29.5279,-98.4712,0,0,1701980053,39
3321c531,29.5288,-98.4715,0,0,1701980056,286
3321cb9d,29.5256,-98.4714,0,0,1701980046,326
33213847,29.5283,-98.48,0,0,1701980039,337
3321c063,29.5279,-98.4712,0,0,1701980053,39
3321c531,29.5288,-98.4715,0,0,1701980056,286
3321cb9d,29.5256,-98.4714,0,0,1701980046,326
33213847,29.5283,-98.48,0,0,1701980039,337
3321c063,29.5279,-98.4712,0,0,1701980053,39
3321c531,29.5288,-98.4715,0,0,1701980056,286
3321cb9d,29.5256,-98.4714,0,0,1701980046,326
33213847,29.5283,-98.48,0,0,1701980039,337
3321c063,29.5279,-98.4712,0,0,1701980058,39
3321c531,29.5288,-98.4715,0,0,1701980056,286
3321cb9d,29.5256,-98.4714,0,0,1701980046,326
33213847,29.5283,-98.48,0,0,1701980039,337
3321c063,29.5279,-98.4712,0,0,1701980058,39
3321c531,29.5288,-98.4715,0,0,1701980056,286
3321cb9d,29.5256,-98.4714,0,0,1701980046,326
33213847,29.5283,-98.48,0,0,1701980039,337
3321c063,29.5279,-98.4712,0,0,1701980058,39
3321c531,29.5288,-98.4715,0,0,1701980056,286
3321cb9d,29.5256,-98.4714,0,0,1701980046,326
33213847,29.5283,-98.48,0,0,1701980039,337
3321c063,29.5279,-98.4712,0,0,1701980058,39
3321c531,29.5288,-98.4715,0,0,1701980061,286
3321cb9d,29.5256,-98.4713,0,0,1701980061,326
33213847,29.5283,-98.48,0,0,1701980039,337
3321c063,29.5279,-98.4712,0,0,1701980058,39
3321c531,29.5288,-98.4715,0,0,1701980061,286
3321cb9d,29.5256,-98.4713,0,0,1701980061,326
33213847,29.5283,-98.48,0,0,1701980039,337
3321c063,29.5279,-98.4712,0,0,1701980058,39
3321c531,29.5288,-98.4715,0,0,1701980061,286
3321cb9d,29.5256,-98.4713,0,0,1701980061,326
33213847,29.5283,-98.48,0,0,1701980039,337
3321c063,29.528,-98.4711,0,3,1701980068,42
3321c531,29.5288,-98.4715,0,0,1701980066,286
3321cb9d,29.5256,-98.4714,0,0,1701980066,326
33213847,29.5283,-98.48,0,0,1701980039,337
3321c063,29.528,-98.4711,0,3,1701980068,42
3321c531,29.5288,-98.4715,0,0,1701980066,286
3321cb9d,29.5256,-98.4714,0,0,1701980066,326
33213847,29.5283,-98.48,0,0,1701980039,337
3321c063,29.528,-98.4711,0,3,1701980068,42
3321c531,29.5288,-98.4715,0,0,1701980066,286
3321cb9d,29.5256,-98.4714,0,0,1701980066,326
33213847,29.5283,-98.48,0,0,1701980039,337
3321c063,29.528,-98.4711,0,3,1701980073,42
3321c531,29.5288,-98.4715,0,0,1701980072,286
3321cb9d,29.5256,-98.4714,0,0,1701980066,326
33213847,29.5283,-98.48,0,0,1701980039,337
3321c063,29.528,-98.4711,0,3,1701980073,42
3321c531,29.5288,-98.4715,0,0,1701980072,286
3321cb9d,29.5256,-98.4714,0,0,1701980066,326
33213847,29.5283,-98.48,0,0,1701980039,337
3321c063,29.528,-98.4711,0,3,1701980073,42
3321c531,29.5288,-98.4715,0,0,1701980072,286
3321cb9d,29.5256,-98.4714,0,0,1701980066,326
33213847,29.5283,-98.48,0,0,1701980039,337
3321c063,29.528,-98.4711,0,3,1701980073,42
3321c531,29.5288,-98.4715,0,0,1701980072,286
3321cb9d,29.5256,-98.4714,0,0,1701980066,326
33213847,29.5283,-98.48,0,0,1701980039,337
3321c063,29.5281,-98.471,0,3,1701980077,42
3321c531,29.5288,-98.4715,0,0,1701980077,286
3321cb9d,29.5256,-98.4714,0,0,1701980066,326
33213847,29.5283,-98.48,0,0,1701980039,337
3321c063,29.5281,-98.471,0,3,1701980077,42
3321c531,29.5288,-98.4715,0,0,1701980077,286
3321cb9d,29.5256,-98.4714,0,0,1701980066,326
33213847,29.5283,-98.48,0,0,1701980039,337
3321c063,29.5281,-98.471,0,3,1701980077,42
3321c531,29.5288,-98.4715,0,0,1701980077,286
3321cb9d,29.5256,-98.4714,0,0,1701980066,326
33213847,29.5283,-98.48,0,0,1701980039,337
3321c063,29.5281,-98.471,0,3,1701980080,42
3321c531,29.5288,-98.4715,0,0,1701980077,286
3321cb9d,29.5256,-98.4714,0,0,1701980066,326
33213847,29.5283,-98.48,0,0,1701980039,337
3321c063,29.5281,-98.471,0,3,1701980080,42
3321c531,29.5288,-98.4715,0,0,1701980077,286
3321cb9d,29.5256,-98.4714,0,0,1701980066,326
33213847,29.5283,-98.48,0,0,1701980039,337
3321c063,29.5281,-98.471,0,3,1701980080,42
3321c531,29.5288,-98.4715,0,0,1701980077,286
3321cb9d,29.5256,-98.4714,0,0,1701980066,326
33213847,29.5283,-98.48,0,0,1701980039,337
3321c063,29.5282,-98.4709,0,4,1701980085,42
3321c531,29.5288,-98.4715,0,0,1701980082,286
3321cb9d,29.5255,-98.4713,0,0,1701980081,329
33213847,29.5283,-98.48,0,0,1701980039,337
3321c063,29.5282,-98.4709,0,4,1701980085,42
3321c531,29.5288,-98.4715,0,0,1701980082,286
3321cb9d,29.5255,-98.4713,0,0,1701980081,329
33213847,29.5283,-98.48,0,0,1701980039,337
3321c063,29.5282,-98.4709,0,4,1701980085,42
3321c531,29.5288,-98.4715,0,0,1701980082,286
3321cb9d,29.5255,-98.4713,0,0,1701980081,329
33213847,29.5283,-98.48,0,0,1701980039,337
3321c063,29.5282,-98.4709,0,4,1701980088,42
3321c531,29.5288,-98.4715,0,0,1701980087,286
3321cb9d,29.5254,-98.4712,0,2,1701980088,329
33213847,29.5283,-98.48,0,0,1701980039,337
3321c063,29.5282,-98.4709,0,4,1701980088,42
3321c531,29.5288,-98.4715,0,0,1701980087,286
3321cb9d,29.5254,-98.4712,0,2,1701980088,329
33213847,29.5283,-98.48,0,0,1701980039,337
3321c063,29.5282,-98.4709,0,4,1701980088,42
3321c531,29.5288,-98.4715,0,0,1701980087,286
3321cb9d,29.5254,-98.4712,0,2,1701980088,329
33213847,29.5283,-98.48,0,0,1701980039,337
3321c063,29.5283,-98.4708,0,4,1701980093,42
3321c531,29.5288,-98.4715,0,0,1701980087,286
3321cb9d,29.5254,-98.4712,0,2,1701980091,329
33213847,29.5283,-98.48,0,0,1701980039,337
3321c063,29.5283,-98.4708,0,4,1701980093,42
3321c531,29.5288,-98.4715,0,0,1701980087,286
3321cb9d,29.5254,-98.4712,0,2,1701980091,329
33213847,29.5283,-98.48,0,0,1701980039,337
3321c063,29.5283,-98.4708,0,4,1701980093,42
3321c531,29.5288,-98.4715,0,0,1701980087,286
3321cb9d,29.5254,-98.4712,0,2,1701980091,329
33213847,29.5283,-98.48,0,0,1701980039,337
3321c063,29.5283,-98.4708,0,5,1701980096,42
3321c531,29.5288,-98.4715,0,0,1701980096,286
3321cb9d,29.5253,-98.4712,0,3,1701980097,329
33213847,29.5283,-98.48,0,0,1701980039,337
3321c063,29.5283,-98.4708,0,5,1701980096,42
3321c531,29.5288,-98.4715,0,0,1701980096,286
3321cb9d,29.5253,-98.4712,0,3,1701980097,329
33213847,29.5283,-98.48,0,0,1701980039,337
3321c063,29.5283,-98.4708,0,5,1701980096,42
3321c531,29.5288,-98.4715,0,0,1701980096,286
3321cb9d,29.5253,-98.4712,0,3,1701980097,329
33213847,29.5283,-98.48,0,0,1701980039,337
3321c063,29.5284,-98.4707,0,5,1701980100,36
3321c531,29.5288,-98.4715,0,0,1701980096,286
3321cb9d,29.5253,-98.4711,0,3,1701980100,329
33213847,29.5283,-98.48,0,0,1701980039,337
3321c063,29.5284,-98.4707,0,5,1701980100,36
3321c531,29.5288,-98.4715,0,0,1701980096,286
3321cb9d,29.5253,-98.4711,0,3,1701980100,329
33213847,29.5283,-98.48,0,0,1701980039,337
3321c063,29.5284,-98.4707,0,5,1701980100,36
3321c531,29.5288,-98.4715,0,0,1701980096,286
3321cb9d,29.5253,-98.4711,0,3,1701980100,329
33213847,29.5283,-98.48,0,0,1701980039,337
3321c063,29.5284,-98.4707,0,5,1701980100,36
3321c531,29.5288,-98.4715,0,0,1701980096,286
3321cb9d,29.5253,-98.4711,0,3,1701980100,329
33213847,29.5283,-98.48,0,0,1701980039,337
3321c063,29.5285,-98.4706,0,5,1701980105,33
3321c531,29.5288,-98.4715,0,0,1701980102,286
3321cb9d,29.5252,-98.4711,0,3,1701980105,334
33213847,29.5283,-98.48,0,0,1701980039,337
3321c063,29.5285,-98.4706,0,5,1701980105,33
3321c531,29.5288,-98.4715,0,0,1701980102,286
3321cb9d,29.5252,-98.4711,0,3,1701980105,334
33213847,29.5283,-98.48,0,0,1701980039,337
3321c063,29.5285,-98.4706,0,5,1701980105,33
3321c531,29.5288,-98.4715,0,0,1701980102,286
3321cb9d,29.5252,-98.4711,0,3,1701980105,334
33213847,29.5283,-98.48,0,0,1701980039,337
3321c063,29.5286,-98.4706,0,5,1701980109,25
3321c531,29.5288,-98.4715,0,0,1701980107,286
3321cb9d,29.5252,-98.4711,0,3,1701980108,340
33213847,29.5283,-98.48,0,0,1701980039,337
3321c063,29.5286,-98.4706,0,5,1701980109,25
3321c531,29.5288,-98.4715,0,0,1701980107,286
3321cb9d,29.5252,-98.4711,0,3,1701980108,340
33213847,29.5283,-98.48,0,0,1701980039,337
3321c063,29.5286,-98.4706,0,5,1701980109,25
3321c531,29.5288,-98.4715,0,0,1701980107,286
3321cb9d,29.5252,-98.4711,0,3,1701980108,340
33213847,29.5281,-98.4799,0,0,1701980110,337
3321c063,29.5287,-98.4706,0,6,1701980113,16
3321c531,29.5288,-98.4715,0,0,1701980111,286
3321cb9d,29.5251,-98.471,0,3,1701980113,348
33213847,29.5281,-98.4799,0,0,1701980110,337
3321c063,29.5287,-98.4706,0,6,1701980113,16
3321c531,29.5288,-98.4715,0,0,1701980111,286
3321cb9d,29.5251,-98.471,0,3,1701980113,348
33213847,29.5281,-98.4799,0,0,1701980110,337
3321c063,29.5287,-98.4706,0,6,1701980113,16
3321c531,29.5288,-98.4715,0,0,1701980111,286
3321cb9d,29.5251,-98.471,0,3,1701980113,348
33213847,29.5281,-98.4799,0,0,1701980110,337
3321c063,29.5288,-98.4705,0,6,1701980117,8
3321c531,29.5288,-98.4715,0,0,1701980117,286
3321cb9d,29.5251,-98.471,0,3,1701980116,351
33213847,29.5281,-98.4799,0,0,1701980110,337
3321c063,29.5288,-98.4705,0,6,1701980117,8
3321c531,29.5288,-98.4715,0,0,1701980117,286
3321cb9d,29.5251,-98.471,0,3,1701980116,351
33213847,29.5281,-98.4799,0,0,1701980110,337
3321c063,29.5288,-98.4705,0,6,1701980117,8
3321c531,29.5288,-98.4715,0,0,1701980117,286
3321cb9d,29.5251,-98.471,0,3,1701980116,351
33213847,29.5281,-98.4799,0,0,1701980110,337
3321c063,29.5289,-98.4705,0,7,1701980121,5
3321c531,29.5288,-98.4715,0,0,1701980117,286
3321cb9d,29.525,-98.471,0,3,1701980120,357
3321cc93,29.5292,-98.472,0,0,1701980114,174
33213847,29.5281,-98.4799,0,0,1701980110,337
3321c063,29.5289,-98.4705,0,7,1701980121,5
3321c531,29.5288,-98.4715,0,0,1701980117,286
3321cb9d,29.525,-98.471,0,3,1701980120,357
3321cc93,29.5292,-98.472,0,0,1701980114,174
33213847,29.5281,-98.4799,0,0,1701980110,337
3321c063,29.5289,-98.4705,0,7,1701980121,5
3321c531,29.5288,-98.4715,0,0,1701980117,286
3321cb9d,29.525,-98.471,0,3,1701980120,357
3321cc93,29.5292,-98.472,0,0,1701980114,174
33213847,29.5281,-98.4799,0,0,1701980110,337
3321c063,29.529,-98.4705,0,7,1701980125,16
3321c531,29.5288,-98.4715,0,0,1701980122,286
3321cb9d,29.525,-98.471,0,3,1701980125,5
3321cc93,29.5292,-98.472,0,0,1701980124,174
33213847,29.5281,-98.4799,0,0,1701980110,337
3321c063,29.529,-98.4705,0,7,1701980125,16
3321c531,29.5288,-98.4715,0,0,1701980122,286
3321cb9d,29.525,-98.471,0,3,1701980125,5
3321cc93,29.5292,-98.472,0,0,1701980124,174
33213847,29.5281,-98.4799,0,0,1701980110,337
3321c063,29.529,-98.4705,0,7,1701980125,16
3321c531,29.5288,-98.4715,0,0,1701980122,286
3321cb9d,29.525,-98.471,0,3,1701980125,5
3321cc93,29.5292,-98.472,0,0,1701980124,174
33213847,29.5281,-98.4799,0,0,1701980110,337
3321c063,29.529,-98.4705,0,7,1701980125,16
3321c531,29.5288,-98.4715,0,0,1701980122,286
3321cb9d,29.525,-98.471,0,3,1701980125,5
3321cc93,29.5292,-98.472,0,0,1701980124,174
33213847,29.5281,-98.4799,0,0,1701980110,337
3321c063,29.5291,-98.4704,0,7,1701980129,22
3321c531,29.5288,-98.4715,0,0,1701980127,286
3321cb9d,29.5249,-98.471,0,3,1701980129,14
3321cc93,29.5292,-98.472,0,0,1701980124,174
33213847,29.5281,-98.4799,0,0,1701980110,337
3321c063,29.5291,-98.4704,0,7,1701980129,22
3321c531,29.5288,-98.4715,0,0,1701980127,286
3321cb9d,29.5249,-98.471,0,3,1701980129,14
3321cc93,29.5292,-98.472,0,0,1701980124,174
33213847,29.5281,-98.4799,0,0,1701980110,337
3321c063,29.5291,-98.4704,0,7,1701980129,22
3321c531,29.5288,-98.4715,0,0,1701980127,286
3321cb9d,29.5249,-98.471,0,3,1701980129,14
3321cc93,29.5292,-98.472,0,0,1701980124,174
33213847,29.5281,-98.4799,0,0,1701980110,337
3321c063,29.5292,-98.4704,0,7,1701980132,14
3321c531,29.5288,-98.4715,0,0,1701980132,286
3321cb9d,29.5249,-98.471,0,2,1701980131,16
3321cc93,29.5292,-98.472,0,0,1701980124,174
33213847,29.5281,-98.4799,0,0,1701980110,337
3321c063,29.5292,-98.4704,0,7,1701980132,14
3321c531,29.5288,-98.4715,0,0,1701980132,286
3321cb9d,29.5249,-98.471,0,2,1701980131,16
3321cc93,29.5292,-98.472,0,0,1701980124,174
33213847,29.5281,-98.4799,0,0,1701980110,337
3321c063,29.5292,-98.4704,0,7,1701980132,14
3321c531,29.5288,-98.4715,0,0,1701980132,286
3321cb9d,29.5249,-98.471,0,2,1701980131,16
3321cc93,29.5292,-98.472,0,0,1701980124,174
33213847,29.5281,-98.4799,0,0,1701980110,337
3321c063,29.5294,-98.4704,0,6,1701980137,357
3321c531,29.5288,-98.4715,0,0,1701980137,286
3321cb9d,29.5248,-98.471,0,2,1701980137,22
3321cc93,29.5292,-98.4719,0,0,1701980137,174
33213847,29.5281,-98.4799,0,0,1701980110,337
3321c063,29.5294,-98.4704,0,6,1701980137,357
3321c531,29.5288,-98.4715,0,0,1701980137,286
3321cb9d,29.5248,-98.471,0,2,1701980137,22
3321cc93,29.5292,-98.4719,0,0,1701980137,174
33213847,29.5281,-98.4799,0,0,1701980110,337
3321c063,29.5294,-98.4704,0,6,1701980137,357
3321c531,29.5288,-98.4715,0,0,1701980137,286
3321cb9d,29.5248,-98.471,0,2,1701980137,22
3321cc93,29.5292,-98.4719,0,0,1701980137,174
33213847,29.5281,-98.4799,0,0,1701980110,337
3321c063,29.5295,-98.4705,0,7,1701980141,340
3321c531,29.5288,-98.4715,0,0,1701980137,286
3321cb9d,29.5248,-98.471,0,2,1701980140,30
3321cc93,29.5292,-98.4719,0,0,1701980137,174
33213847,29.5281,-98.4799,0,0,1701980110,337
3321c063,29.5295,-98.4705,0,7,1701980141,340
3321c531,29.5288,-98.4715,0,0,1701980137,286
3321cb9d,29.5248,-98.471,0,2,1701980140,30
3321cc93,29.5292,-98.4719,0,0,1701980137,174
33213847,29.5281,-98.4799,0,0,1701980110,337
3321c063,29.5295,-98.4705,0,7,1701980141,340
3321c531,29.5288,-98.4715,0,0,1701980137,286
3321cb9d,29.5248,-98.471,0,2,1701980140,30
3321cc93,29.5292,-98.4719,0,0,1701980137,174
33213847,29.5281,-98.4799,0,0,1701980110,337
3321c063,29.5296,-98.4705,0,7,1701980144,329
3321c531,29.5288,-98.4715,0,0,1701980142,286
3321cb9d,29.5247,-98.471,0,2,1701980145,39
3321cc93,29.5292,-98.4719,0,0,1701980137,174
3321ccba,29.5381,-98.485,0,0,1701980144,0
33213847,29.5281,-98.4799,0,0,1701980110,337
3321c063,29.5296,-98.4705,0,7,1701980144,329
3321c531,29.5288,-98.4715,0,0,1701980142,286
3321cb9d,29.5247,-98.471,0,2,1701980145,39
3321cc93,29.5292,-98.4719,0,0,1701980137,174
3321ccba,29.5381,-98.485,0,0,1701980144,0
33213847,29.5281,-98.4799,0,0,1701980110,337
3321c063,29.5296,-98.4705,0,7,1701980144,329
3321c531,29.5288,-98.4715,0,0,1701980142,286
3321cb9d,29.5247,-98.471,0,2,1701980145,39
3321cc93,29.5292,-98.4719,0,0,1701980137,174
3321ccba,29.5381,-98.485,0,0,1701980144,0
33213847,29.5281,-98.4799,0,0,1701980110,337
3321c063,29.5297,-98.4706,0,8,1701980148,317
3321c531,29.5288,-98.4715,0,0,1701980147,286
3321cb9d,29.5247,-98.471,0,0,1701980145,39
3321cc93,29.5292,-98.4719,0,0,1701980137,174
3321ccba,29.5381,-98.485,0,0,1701980149,0
33213847,29.5281,-98.4799,0,0,1701980110,337
3321c063,29.5297,-98.4706,0,8,1701980148,317
3321c531,29.5288,-98.4715,0,0,1701980147,286
3321cb9d,29.5247,-98.471,0,0,1701980145,39
3321cc93,29.5292,-98.4719,0,0,1701980137,174
3321ccba,29.5381,-98.485,0,0,1701980149,0
33213847,29.5281,-98.4799,0,0,1701980110,337
3321c063,29.5297,-98.4706,0,8,1701980148,317
3321c531,29.5288,-98.4715,0,0,1701980147,286
3321cb9d,29.5247,-98.471,0,0,1701980145,39
3321cc93,29.5292,-98.4719,0,0,1701980137,174
3321ccba,29.5381,-98.485,0,0,1701980149,0
33213847,29.5281,-98.4799,0,0,1701980110,337
3321c063,29.5297,-98.4706,0,8,1701980148,317
3321c531,29.5288,-98.4715,0,0,1701980147,286
3321cb9d,29.5247,-98.471,0,0,1701980145,39
3321cc93,29.5292,-98.4719,0,0,1701980137,174
3321ccba,29.5381,-98.485,0,0,1701980149,0
33213847,29.5281,-98.4799,0,0,1701980110,337
3321c063,29.5298,-98.4708,0,8,1701980152,312
3321c531,29.5288,-98.4715,0,0,1701980152,286
3321cb9d,29.5247,-98.471,0,0,1701980145,39
3321cc93,29.5292,-98.4719,0,0,1701980137,174
3321ccba,29.538,-98.485,0,0,1701980153,0
33213847,29.5281,-98.4799,0,0,1701980110,337
3321c063,29.5298,-98.4708,0,8,1701980152,312
3321c531,29.5288,-98.4715,0,0,1701980152,286
3321cb9d,29.5247,-98.471,0,0,1701980145,39
3321cc93,29.5292,-98.4719,0,0,1701980137,174
3321ccba,29.538,-98.485,0,0,1701980153,0
33213847,29.5281,-98.4799,0,0,1701980110,337
3321c063,29.5298,-98.4708,0,8,1701980152,312
3321c531,29.5288,-98.4715,0,0,1701980152,286
3321cb9d,29.5247,-98.471,0,0,1701980145,39
3321cc93,29.5292,-98.4719,0,0,1701980137,174
3321ccba,29.538,-98.485,0,0,1701980153,0
33213847,29.5281,-98.4799,0,0,1701980110,337
3321c063,29.5299,-98.4709,0,9,1701980156,312
3321c531,29.5288,-98.4715,0,0,1701980152,286
3321cb9d,29.5247,-98.471,0,0,1701980145,39
3321cc93,29.5292,-98.4719,0,0,1701980137,174
3321ccba,29.538,-98.485,0,1,1701980156,0
33213847,29.5281,-98.4799,0,0,1701980110,337
3321c063,29.5299,-98.4709,0,9,1701980156,312
3321c531,29.5288,-98.4715,0,0,1701980152,286
3321cb9d,29.5247,-98.471,0,0,1701980145,39
3321cc93,29.5292,-98.4719,0,0,1701980137,174
3321ccba,29.538,-98.485,0,1,1701980156,0
33213847,29.5281,-98.4799,0,0,1701980110,337
3321c063,29.5299,-98.4709,0,9,1701980156,312
3321c531,29.5288,-98.4715,0,0,1701980152,286
3321cb9d,29.5247,-98.471,0,0,1701980145,39
3321cc93,29.5292,-98.4719,0,0,1701980137,174
3321ccba,29.538,-98.485,0,1,1701980156,0
33213847,29.5281,-98.4799,0,0,1701980110,337
3321c063,29.53,-98.4711,0,10,1701980161,312
3321c531,29.5288,-98.4715,0,0,1701980157,286
3321cb9d,29.5247,-98.471,0,0,1701980145,39
3321cc93,29.5292,-98.4719,0,0,1701980137,174
3321ccba,29.538,-98.485,0,1,1701980159,0
33213847,29.5281,-98.4799,0,0,1701980110,337
3321c063,29.53,-98.4711,0,10,1701980161,312
3321c531,29.5288,-98.4715,0,0,1701980157,286
3321cb9d,29.5247,-98.471,0,0,1701980145,39
3321cc93,29.5292,-98.4719,0,0,1701980137,174
3321ccba,29.538,-98.485,0,1,1701980159,0
33213847,29.5281,-98.4799,0,0,1701980110,337
3321c063,29.53,-98.4711,0,10,1701980161,312
3321c531,29.5288,-98.4715,0,0,1701980157,286
3321cb9d,29.5247,-98.471,0,0,1701980145,39
3321cc93,29.5292,-98.4719,0,0,1701980137,174
3321ccba,29.538,-98.485,0,1,1701980159,0
33213847,29.5281,-98.4799,0,0,1701980110,337
3321c063,29.5301,-98.4712,0,9,1701980164,312
3321c531,29.5288,-98.4715,0,0,1701980162,286
3321cb9d,29.5247,-98.471,0,0,1701980145,39
3321cc93,29.5292,-98.472,0,0,1701980162,174
3321ccba,29.5381,-98.485,0,0,1701980165,21
33213847,29.5281,-98.4799,0,0,1701980110,337
3321c063,29.5301,-98.4712,0,9,1701980164,312
3321c531,29.5288,-98.4715,0,0,1701980162,286
3321cb9d,29.5247,-98.471,0,0,1701980145,39
3321cc93,29.5292,-98.472,0,0,1701980162,174
3321ccba,29.5381,-98.485,0,0,1701980165,21
33213847,29.5281,-98.4799,0,0,1701980110,337
3321c063,29.5301,-98.4712,0,9,1701980164,312
3321c531,29.5288,-98.4715,0,0,1701980162,286
3321cb9d,29.5247,-98.471,0,0,1701980145,39
3321cc93,29.5292,-98.472,0,0,1701980162,174
3321ccba,29.5381,-98.485,0,0,1701980165,21
33213847,29.5281,-98.4799,0,0,1701980110,337
3321c063,29.5302,-98.4714,0,9,1701980168,312
3321c531,29.5288,-98.4715,0,0,1701980166,286
3321cb9d,29.5247,-98.471,0,0,1701980145,39
3321cc93,29.5292,-98.472,0,0,1701980162,174
3321ccba,29.5381,-98.485,0,0,1701980165,21
33213847,29.5281,-98.4799,0,0,1701980110,337
3321c063,29.5302,-98.4714,0,9,1701980168,312
3321c531,29.5288,-98.4715,0,0,1701980166,286
3321cb9d,29.5247,-98.471,0,0,1701980145,39
3321cc93,29.5292,-98.472,0,0,1701980162,174
3321ccba,29.5381,-98.485,0,0,1701980165,21
33213847,29.5281,-98.4799,0,0,1701980110,337
3321c063,29.5302,-98.4714,0,9,1701980168,312
3321c531,29.5288,-98.4715,0,0,1701980166,286
3321cb9d,29.5247,-98.471,0,0,1701980145,39
3321cc93,29.5292,-98.472,0,0,1701980162,174
3321ccba,29.5381,-98.485,0,0,1701980165,21
33213847,29.5281,-98.4799,0,0,1701980110,337
3321c063,29.5304,-98.4715,0,9,1701980173,312
3321c531,29.5288,-98.4715,0,0,1701980166,286
3321cb9d,29.5247,-98.471,0,0,1701980145,39
3321cc93,29.5292,-98.472,0,0,1701980162,174
3321ccba,29.5381,-98.485,0,0,1701980170,21
33213847,29.5281,-98.4799,0,0,1701980110,337
3321c063,29.5304,-98.4715,0,9,1701980173,312
3321c531,29.5288,-98.4715,0,0,1701980166,286
3321cb9d,29.5247,-98.471,0,0,1701980145,39
3321cc93,29.5292,-98.472,0,0,1701980162,174
3321ccba,29.5381,-98.485,0,0,1701980170,21
33213847,29.5281,-98.4799,0,0,1701980110,337
3321c063,29.5304,-98.4715,0,9,1701980173,312
3321c531,29.5288,-98.4715,0,0,1701980166,286
3321cb9d,29.5247,-98.471,0,0,1701980145,39
3321cc93,29.5292,-98.472,0,0,1701980162,174
3321ccba,29.5381,-98.485,0,0,1701980170,21
33213847,29.5281,-98.4799,0,0,1701980110,337
3321c063,29.5305,-98.4716,0,8,1701980177,312
3321c531,29.5288,-98.4715,0,0,1701980177,286
3321cb9d,29.5247,-98.471,0,0,1701980145,39
3321cc93,29.5292,-98.472,0,0,1701980177,174
3321ccba,29.5381,-98.485,0,0,1701980175,21
33213847,29.5281,-98.4799,0,0,1701980110,337
3321c063,29.5305,-98.4716,0,8,1701980177,312
3321c531,29.5288,-98.4715,0,0,1701980177,286
3321cb9d,29.5247,-98.471,0,0,1701980145,39
3321cc93,29.5292,-98.472,0,0,1701980177,174
3321ccba,29.5381,-98.485,0,0,1701980175,21
33213847,29.5281,-98.4799,0,0,1701980110,337
3321c063,29.5305,-98.4716,0,8,1701980177,312
3321c531,29.5288,-98.4715,0,0,1701980177,286
3321cb9d,29.5247,-98.471,0,0,1701980145,39
3321cc93,29.5292,-98.472,0,0,1701980177,174
3321ccba,29.5381,-98.485,0,0,1701980175,21
33213847,29.5281,-98.4799,0,0,1701980110,337
3321c063,29.5305,-98.4716,0,8,1701980177,312
3321c531,29.5288,-98.4715,0,0,1701980177,286
3321cb9d,29.5247,-98.471,0,0,1701980145,39
3321cc93,29.5292,-98.472,0,0,1701980177,174
3321ccba,29.5381,-98.485,0,0,1701980175,21
33213847,29.5281,-98.4799,0,0,1701980110,337
3321c063,29.5306,-98.4718,0,8,1701980181,312
3321c531,29.5288,-98.4715,0,0,1701980177,286
3321cb9d,29.5247,-98.471,0,0,1701980145,39
3321cc93,29.5292,-98.472,0,0,1701980177,174
3321ccba,29.5381,-98.485,0,0,1701980180,300
33213847,29.5281,-98.4799,0,0,1701980110,337
3321c063,29.5306,-98.4718,0,8,1701980181,312
3321c531,29.5288,-98.4715,0,0,1701980177,286
3321cb9d,29.5247,-98.471,0,0,1701980145,39
3321cc93,29.5292,-98.472,0,0,1701980177,174
3321ccba,29.5381,-98.485,0,0,1701980180,300
33213847,29.5281,-98.4799,0,0,1701980110,337
3321c063,29.5306,-98.4718,0,8,1701980181,312
3321c531,29.5288,-98.4715,0,0,1701980177,286
3321cb9d,29.5247,-98.471,0,0,1701980145,39
3321cc93,29.5292,-98.472,0,0,1701980177,174
3321ccba,29.5381,-98.485,0,0,1701980180,300
33213847,29.5281,-98.4799,0,0,1701980110,337
3321c063,29.5307,-98.4719,0,7,1701980185,312
3321c531,29.5288,-98.4715,0,0,1701980182,286
3321cb9d,29.5247,-98.471,0,0,1701980145,39
3321cc93,29.5292,-98.472,0,0,1701980182,174
3321ccba,29.5381,-98.485,0,0,1701980185,300
33213847,29.5281,-98.4799,0,0,1701980110,337
3321c063,29.5307,-98.4719,0,7,1701980185,312
3321c531,29.5288,-98.4715,0,0,1701980182,286
3321cb9d,29.5247,-98.471,0,0,1701980145,39
3321cc93,29.5292,-98.472,0,0,1701980182,174
3321ccba,29.5381,-98.485,0,0,1701980185,300
33213847,29.5281,-98.4799,0,0,1701980110,337
3321c063,29.5307,-98.4719,0,7,1701980185,312
3321c531,29.5288,-98.4715,0,0,1701980182,286
3321cb9d,29.5247,-98.471,0,0,1701980145,39
3321cc93,29.5292,-98.472,0,0,1701980182,174
3321ccba,29.5381,-98.485,0,0,1701980185,300
33213847,29.5281,-98.4799,0,0,1701980110,337
3321c063,29.5308,-98.472,0,7,1701980189,312
3321c531,29.5288,-98.4715,0,0,1701980187,286
3321cb9d,29.5247,-98.471,0,0,1701980145,39
3321cc93,29.5292,-98.472,0,0,1701980187,174
3321ccba,29.5381,-98.485,0,0,1701980185,300
3321cdb4,29.5342,-98.4679,0,12,1701980182,129
33213847,29.5281,-98.4799,0,0,1701980110,337
3321c063,29.5308,-98.472,0,7,1701980189,312
3321c531,29.5288,-98.4715,0,0,1701980187,286
3321cb9d,29.5247,-98.471,0,0,1701980145,39
3321cc93,29.5292,-98.472,0,0,1701980187,174
3321ccba,29.5381,-98.485,0,0,1701980185,300
3321cdb4,29.5342,-98.4679,0,12,1701980182,129
33213847,29.5281,-98.4799,0,0,1701980110,337
3321c063,29.5308,-98.472,0,7,1701980189,312
3321c531,29.5288,-98.4715,0,0,1701980187,286
3321cb9d,29.5247,-98.471,0,0,1701980145,39
3321cc93,29.5292,-98.472,0,0,1701980187,174
3321ccba,29.5381,-98.485,0,0,1701980185,300
3321cdb4,29.5342,-98.4679,0,12,1701980182,129
33213847,29.5281,-98.4799,0,0,1701980110,337
3321c063,29.5308,-98.4721,0,6,1701980192,312
3321c531,29.5288,-98.4715,0,0,1701980192,286
3321cb9d,29.5247,-98.471,0,0,1701980145,39
3321cc93,29.5292,-98.472,0,0,1701980192,174
3321ccba,29.5381,-98.485,0,0,1701980190,300
3321cdb4,29.5342,-98.4679,0,12,1701980182,129
33213847,29.5281,-98.4799,0,0,1701980110,337
3321c063,29.5308,-98.4721,0,6,1701980192,312
3321c531,29.5288,-98.4715,0,0,1701980192,286
3321cb9d,29.5247,-98.471,0,0,1701980145,39
3321cc93,29.5292,-98.472,0,0,1701980192,174
3321ccba,29.5381,-98.485,0,0,1701980190,300
3321cdb4,29.5342,-98.4679,0,12,1701980182,129
33213847,29.5281,-98.4799,0,0,1701980110,337
3321c063,29.5308,-98.4721,0,6,1701980192,312
3321c531,29.5288,-98.4715,0,0,1701980192,286
3321cb9d,29.5247,-98.471,0,0,1701980145,39
3321cc93,29.5292,-98.472,0,0,1701980192,174
3321ccba,29.5381,-98.485,0,0,1701980190,300
3321cdb4,29.5342,-98.4679,0,12,1701980182,129
33213847,29.5281,-98.4799,0,0,1701980110,337
3321c063,29.5309,-98.4722,0,6,1701980196,312
3321c531,29.5288,-98.4715,0,0,1701980197,286
3321cb9d,29.5247,-98.471,0,0,1701980145,39
3321cc93,29.5292,-98.472,0,0,1701980192,174
3321ccba,29.5381,-98.485,0,0,1701980194,300
3321cdb4,29.5342,-98.4679,0,12,1701980182,129
33213847,29.5281,-98.4799,0,0,1701980110,337
3321c063,29.5309,-98.4722,0,6,1701980196,312
3321c531,29.5288,-98.4715,0,0,1701980197,286
3321cb9d,29.5247,-98.471,0,0,1701980145,39
3321cc93,29.5292,-98.472,0,0,1701980192,174
3321ccba,29.5381,-98.485,0,0,1701980194,300
3321cdb4,29.5342,-98.4679,0,12,1701980182,129
3321c063,29.5309,-98.4722,0,6,1701980196,312
3321c531,29.5288,-98.4715,0,0,1701980197,286
3321cb9d,29.5247,-98.471,0,0,1701980145,39
3321cc93,29.5292,-98.472,0,0,1701980192,174
3321ccba,29.5381,-98.485,0,0,1701980194,300
3321cdb4,29.5342,-98.4679,0,12,1701980182,129
3321c063,29.5309,-98.4722,0,6,1701980196,312
3321c531,29.5288,-98.4715,0,0,1701980197,286
3321cb9d,29.5247,-98.471,0,0,1701980145,39
3321cc93,29.5292,-98.472,0,0,1701980192,174
3321ccba,29.5381,-98.485,0,0,1701980194,300
3321cdb4,29.5342,-98.4679,0,12,1701980182,129
3321c063,29.531,-98.4723,0,6,1701980201,312
3321c531,29.5288,-98.4715,0,0,1701980197,286
3321cb9d,29.5247,-98.471,0,0,1701980145,39
3321cc93,29.5292,-98.472,0,0,1701980197,174
3321ccba,29.5381,-98.485,0,0,1701980200,300
3321cdb4,29.5342,-98.4679,0,12,1701980182,129
3321c063,29.531,-98.4723,0,6,1701980201,312
3321c531,29.5288,-98.4715,0,0,1701980197,286
3321cb9d,29.5247,-98.471,0,0,1701980145,39
3321cc93,29.5292,-98.472,0,0,1701980197,174
3321ccba,29.5381,-98.485,0,0,1701980200,300
3321cdb4,29.5342,-98.4679,0,12,1701980182,129
3321c063,29.531,-98.4723,0,6,1701980201,312
3321c531,29.5288,-98.4715,0,0,1701980197,286
3321cb9d,29.5247,-98.471,0,0,1701980145,39
3321cc93,29.5292,-98.472,0,0,1701980197,174
3321ccba,29.5381,-98.485,0,0,1701980200,300
3321cdb4,29.5342,-98.4679,0,12,1701980182,129
3321c063,29.5311,-98.4724,0,7,1701980203,312
3321c531,29.5288,-98.4715,0,0,1701980197,286
3321cb9d,29.5247,-98.471,0,0,1701980145,39
3321cc93,29.5292,-98.472,0,0,1701980202,174
3321ccba,29.5381,-98.485,0,0,1701980204,300
3321cdb4,29.5342,-98.4679,0,12,1701980182,129
3321c063,29.5311,-98.4724,0,7,1701980203,312
3321c531,29.5288,-98.4715,0,0,1701980197,286
3321cb9d,29.5247,-98.471,0,0,1701980145,39
3321cc93,29.5292,-98.472,0,0,1701980202,174
3321ccba,29.5381,-98.485,0,0,1701980204,300
3321cdb4,29.5342,-98.4679,0,12,1701980182,129
3321c063,29.5311,-98.4724,0,7,1701980203,312
3321c531,29.5288,-98.4715,0,0,1701980197,286
3321cb9d,29.5247,-98.471,0,0,1701980145,39
3321cc93,29.5292,-98.472,0,0,1701980202,174
3321ccba,29.5381,-98.485,0,0,1701980204,300
3321cdb4,29.5342,-98.4679,0,12,1701980182,129
3321c063,29.5312,-98.4726,0,10,1701980209,309
3321c531,29.5288,-98.4715,0,0,1701980207,286
3321cb9d,29.5247,-98.471,0,0,1701980145,39
3321cc93,29.5292,-98.472,0,0,1701980207,174
3321ccba,29.5381,-98.485,0,0,1701980204,300
3321cdb4,29.5342,-98.4679,0,12,1701980182,129
3321c063,29.5312,-98.4726,0,10,1701980209,309
3321c531,29.5288,-98.4715,0,0,1701980207,286
3321cb9d,29.5247,-98.471,0,0,1701980145,39
3321cc93,29.5292,-98.472,0,0,1701980207,174
3321ccba,29.5381,-98.485,0,0,1701980204,300
3321cdb4,29.5342,-98.4679,0,12,1701980182,129
3321c063,29.5312,-98.4726,0,10,1701980209,309
3321c531,29.5288,-98.4715,0,0,1701980207,286
3321cb9d,29.5247,-98.471,0,0,1701980145,39
3321cc93,29.5292,-98.472,0,0,1701980207,174
3321ccba,29.5381,-98.485,0,0,1701980204,300
3321cdb4,29.5342,-98.4679,0,12,1701980182,129
3321c063,29.5313,-98.4728,0,11,1701980213,312
3321c531,29.5288,-98.4715,0,0,1701980212,286
3321cb9d,29.5247,-98.471,0,0,1701980145,39
3321cc93,29.5292,-98.472,0,0,1701980212,174
3321ccba,29.5381,-98.485,0,0,1701980209,300
3321cdb4,29.5342,-98.4679,0,12,1701980182,129
3321c063,29.5313,-98.4728,0,11,1701980213,312
3321c531,29.5288,-98.4715,0,0,1701980212,286
3321cb9d,29.5247,-98.471,0,0,1701980145,39
3321cc93,29.5292,-98.472,0,0,1701980212,174
3321ccba,29.5381,-98.485,0,0,1701980209,300
3321cdb4,29.5342,-98.4679,0,12,1701980182,129
3321c063,29.5313,-98.4728,0,11,1701980213,312
3321c531,29.5288,-98.4715,0,0,1701980212,286
3321cb9d,29.5247,-98.471,0,0,1701980145,39
3321cc93,29.5292,-98.472,0,0,1701980212,174
3321ccba,29.5381,-98.485,0,0,1701980209,300
3321cdb4,29.5342,-98.4679,0,12,1701980182,129
3321c063,29.5315,-98.4729,0,12,1701980217,312
3321c531,29.5288,-98.4715,0,0,1701980216,286
3321cb9d,29.5247,-98.471,0,0,1701980145,39
3321cc93,29.5292,-98.472,0,0,1701980212,174
3321ccba,29.5381,-98.485,0,0,1701980214,300
3321cdb4,29.5342,-98.4679,0,12,1701980182,129
3321c063,29.5315,-98.4729,0,12,1701980217,312
3321c531,29.5288,-98.4715,0,0,1701980216,286
3321cb9d,29.5247,-98.471,0,0,1701980145,39
3321cc93,29.5292,-98.472,0,0,1701980212,174
3321ccba,29.5381,-98.485,0,0,1701980214,300
3321cdb4,29.5342,-98.4679,0,12,1701980182,129
3321c063,29.5315,-98.4729,0,12,1701980217,312
3321c531,29.5288,-98.4715,0,0,1701980216,286
3321cb9d,29.5247,-98.471,0,0,1701980145,39
3321cc93,29.5292,-98.472,0,0,1701980212,174
3321ccba,29.5381,-98.485,0,0,1701980214,300
3321cdb4,29.5342,-98.4679,0,12,1701980182,129
3321c063,29.5315,-98.4729,0,12,1701980217,312
3321c531,29.5288,-98.4715,0,0,1701980216,286
3321cb9d,29.5247,-98.471,0,0,1701980145,39
3321cc93,29.5292,-98.472,0,0,1701980212,174
3321ccba,29.5381,-98.485,0,0,1701980214,300
3321cdb4,29.5342,-98.4679,0,12,1701980182,129
3321c063,29.5316,-98.4732,0,12,1701980221,312
3321c531,29.5288,-98.4715,0,0,1701980216,286
3321cb9d,29.5247,-98.471,0,0,1701980145,39
3321cc93,29.5292,-98.472,0,0,1701980217,174
3321ccba,29.5381,-98.485,0,0,1701980219,300
3321cdb4,29.5342,-98.4679,0,12,1701980182,129
3321c063,29.5316,-98.4732,0,12,1701980221,312
3321c531,29.5288,-98.4715,0,0,1701980216,286
3321cb9d,29.5247,-98.471,0,0,1701980145,39
3321cc93,29.5292,-98.472,0,0,1701980217,174
3321ccba,29.5381,-98.485,0,0,1701980219,300
3321cdb4,29.5342,-98.4679,0,12,1701980182,129
3321c063,29.5316,-98.4732,0,12,1701980221,312
3321c531,29.5288,-98.4715,0,0,1701980216,286
3321cb9d,29.5247,-98.471,0,0,1701980145,39
3321cc93,29.5292,-98.472,0,0,1701980217,174
3321ccba,29.5381,-98.485,0,0,1701980219,300
3321cdb4,29.5342,-98.4679,0,12,1701980182,129
33213847,29.5279,-98.4799,0,0,1701980224,337
3321c063,29.5317,-98.4732,0,12,1701980223,312
3321c531,29.5288,-98.4715,0,0,1701980221,286
3321cb9d,29.5247,-98.471,0,0,1701980145,39
3321cc93,29.5292,-98.472,0,0,1701980222,174
3321ccba,29.5381,-98.485,0,0,1701980225,300
3321cdb4,29.5342,-98.4679,0,12,1701980182,129
33213847,29.5279,-98.4799,0,0,1701980224,337
3321c063,29.5317,-98.4732,0,12,1701980223,312
3321c531,29.5288,-98.4715,0,0,1701980221,286
3321cb9d,29.5247,-98.471,0,0,1701980145,39
3321cc93,29.5292,-98.472,0,0,1701980222,174
3321ccba,29.5381,-98.485,0,0,1701980225,300
3321cdb4,29.5342,-98.4679,0,12,1701980182,129
33213847,29.5279,-98.4799,0,0,1701980224,337
3321c063,29.5317,-98.4732,0,12,1701980223,312
3321c531,29.5288,-98.4715,0,0,1701980221,286
3321cb9d,29.5247,-98.471,0,0,1701980145,39
3321cc93,29.5292,-98.472,0,0,1701980222,174
3321ccba,29.5381,-98.485,0,0,1701980225,300
3321cdb4,29.5342,-98.4679,0,12,1701980182,129
33213847,29.5279,-98.4799,0,0,1701980224,337
3321c063,29.5317,-98.4732,0,12,1701980223,312
3321c531,29.5288,-98.4715,0,0,1701980226,286
3321cb9d,29.5247,-98.471,0,0,1701980145,39
3321cc93,29.5292,-98.472,0,0,1701980227,174
3321ccba,29.5381,-98.485,0,0,1701980229,300
3321cdb4,29.5342,-98.4679,0,12,1701980182,129
33213847,29.5279,-98.4799,0,0,1701980224,337
3321c063,29.5317,-98.4732,0,12,1701980223,312
3321c531,29.5288,-98.4715,0,0,1701980226,286
3321cb9d,29.5247,-98.471,0,0,1701980145,39
3321cc93,29.5292,-98.472,0,0,1701980227,174
3321ccba,29.5381,-98.485,0,0,1701980229,300
3321cdb4,29.5342,-98.4679,0,12,1701980182,129
33213847,29.5279,-98.4799,0,0,1701980224,337
3321c063,29.5317,-98.4732,0,12,1701980223,312
3321c531,29.5288,-98.4715,0,0,1701980226,286
3321cb9d,29.5247,-98.471,0,0,1701980145,39
3321cc93,29.5292,-98.472,0,0,1701980227,174
3321ccba,29.5381,-98.485,0,0,1701980229,300
3321cdb4,29.5342,-98.4679,0,12,1701980182,129
33213847,29.5279,-98.4799,0,0,1701980224,337
3321c063,29.5321,-98.4737,0,12,1701980232,312
3321c531,29.5288,-98.4715,0,0,1701980231,286
3321cb9d,29.5247,-98.471,0,0,1701980145,39
3321cc93,29.5292,-98.472,0,0,1701980233,174
3321ccba,29.5381,-98.485,0,0,1701980230,300
3321cdb4,29.5318,-98.4694,0,9,1701980233,222
33213847,29.5279,-98.4799,0,0,1701980224,337
3321c063,29.5321,-98.4737,0,12,1701980232,312
3321c531,29.5288,-98.4715,0,0,1701980231,286
3321cc93,29.5292,-98.472,0,0,1701980233,174
3321ccba,29.5381,-98.485,0,0,1701980230,300
3321cdb4,29.5318,-98.4694,0,9,1701980233,222
33213847,29.5279,-98.4799,0,0,1701980224,337
3321c063,29.5321,-98.4737,0,12,1701980232,312
3321c531,29.5288,-98.4715,0,0,1701980231,286
3321cc93,29.5292,-98.472,0,0,1701980233,174
3321ccba,29.5381,-98.485,0,0,1701980230,300
3321cdb4,29.5318,-98.4694,0,9,1701980233,222
33213847,29.5279,-98.4799,0,0,1701980224,337
3321c063,29.5322,-98.4739,0,11,1701980236,309
3321c531,29.5288,-98.4715,0,0,1701980231,286
3321cc93,29.5292,-98.472,0,0,1701980233,174
3321ccba,29.5381,-98.485,0,0,1701980235,300
3321cdb4,29.5318,-98.4694,0,9,1701980234,222
33213847,29.5279,-98.4799,0,0,1701980224,337
3321c063,29.5322,-98.4739,0,11,1701980236,309
3321c531,29.5288,-98.4715,0,0,1701980231,286
3321cc93,29.5292,-98.472,0,0,1701980233,174
3321ccba,29.5381,-98.485,0,0,1701980235,300
3321cdb4,29.5318,-98.4694,0,9,1701980234,222
33213847,29.5279,-98.4799,0,0,1701980224,337
3321c063,29.5322,-98.4739,0,11,1701980236,309
3321c531,29.5288,-98.4715,0,0,1701980231,286
3321cc93,29.5292,-98.472,0,0,1701980233,174
3321ccba,29.5381,-98.485,0,0,1701980235,300
3321cdb4,29.5318,-98.4694,0,9,1701980234,222
33213847,29.5279,-98.4799,0,0,1701980224,337
3321c063,29.5322,-98.4739,0,11,1701980236,309
3321c531,29.5288,-98.4715,0,0,1701980231,286
3321cc93,29.5292,-98.472,0,0,1701980233,174
3321ccba,29.5381,-98.485,0,0,1701980235,300
3321cdb4,29.5318,-98.4694,0,9,1701980234,222
33213847,29.5279,-98.4799,0,0,1701980224,337
3321c063,29.5323,-98.474,0,10,1701980240,312
3321c531,29.5288,-98.4715,0,0,1701980236,286
3321cc93,29.5292,-98.472,0,0,1701980238,174
3321ccba,29.5381,-98.485,0,0,1701980240,300
3321cdb4,29.5318,-98.4695,0,1,1701980239,222
33213847,29.5279,-98.4799,0,0,1701980224,337
3321c063,29.5323,-98.474,0,10,1701980240,312
3321c531,29.5288,-98.4715,0,0,1701980236,286
3321cc93,29.5292,-98.472,0,0,1701980238,174
3321ccba,29.5381,-98.485,0,0,1701980240,300
3321cdb4,29.5318,-98.4695,0,1,1701980239,222
33213847,29.5279,-98.4799,0,0,1701980224,337
3321c063,29.5323,-98.474,0,10,1701980240,312
3321c531,29.5288,-98.4715,0,0,1701980236,286
3321cc93,29.5292,-98.472,0,0,1701980238,174
3321ccba,29.5381,-98.485,0,0,1701980240,300
3321cdb4,29.5318,-98.4695,0,1,1701980239,222
33213847,29.5279,-98.4799,0,0,1701980224,337
3321c063,29.5325,-98.4742,0,9,1701980245,312
3321c531,29.5288,-98.4715,0,0,1701980241,286
3321cc93,29.5292,-98.472,0,0,1701980243,174
3321ccba,29.5381,-98.485,0,0,1701980245,300
3321cdb4,29.5318,-98.4695,0,1,1701980241,222
33213847,29.5279,-98.4799,0,0,1701980224,337
3321c063,29.5325,-98.4742,0,9,1701980245,312
3321c531,29.5288,-98.4715,0,0,1701980241,286
3321cc93,29.5292,-98.472,0,0,1701980243,174
3321ccba,29.5381,-98.485,0,0,1701980245,300
3321cdb4,29.5318,-98.4695,0,1,1701980241,222
33213847,29.5279,-98.4799,0,0,1701980224,337
3321c063,29.5325,-98.4742,0,9,1701980245,312
3321c531,29.5288,-98.4715,0,0,1701980241,286
3321cc93,29.5292,-98.472,0,0,1701980243,174
3321ccba,29.5381,-98.485,0,0,1701980245,300
3321cdb4,29.5318,-98.4695,0,1,1701980241,222
33213847,29.5279,-98.4799,0,0,1701980224,337
3321c063,29.5326,-98.4743,0,9,1701980248,312
3321c531,29.5288,-98.4715,0,0,1701980246,286
3321cc93,29.5292,-98.472,0,0,1701980248,174
3321ccba,29.5381,-98.485,0,0,1701980245,300
3321cdb4,29.5318,-98.4695,0,1,1701980248,222
33213847,29.5279,-98.4799,0,0,1701980224,337
3321c063,29.5326,-98.4743,0,9,1701980248,312
3321c531,29.5288,-98.4715,0,0,1701980246,286
3321cc93,29.5292,-98.472,0,0,1701980248,174
3321ccba,29.5381,-98.485,0,0,1701980245,300
3321cdb4,29.5318,-98.4695,0,1,1701980248,222
33213847,29.5279,-98.4799,0,0,1701980224,337
3321c063,29.5326,-98.4743,0,9,1701980248,312
3321c531,29.5288,-98.4715,0,0,1701980246,286
3321cc93,29.5292,-98.472,0,0,1701980248,174
3321ccba,29.5381,-98.485,0,0,1701980245,300
3321cdb4,29.5318,-98.4695,0,1,1701980248,222
33213847,29.5279,-98.4799,0,0,1701980224,337
3321c063,29.5327,-98.4745,0,8,1701980253,312
3321c531,29.5288,-98.4715,0,0,1701980251,286
3321cc93,29.5292,-98.472,0,0,1701980253,174
3321ccba,29.5381,-98.485,0,0,1701980250,300
3321cdb4,29.5318,-98.4695,0,1,1701980253,222
33213847,29.5279,-98.4799,0,0,1701980224,337
3321c063,29.5327,-98.4745,0,8,1701980253,312
3321c531,29.5288,-98.4715,0,0,1701980251,286
3321cc93,29.5292,-98.472,0,0,1701980253,174
3321ccba,29.5381,-98.485,0,0,1701980250,300
3321cdb4,29.5318,-98.4695,0,1,1701980253,222
33213847,29.5279,-98.4799,0,0,1701980224,337
3321c063,29.5327,-98.4745,0,8,1701980253,312
3321c531,29.5288,-98.4715,0,0,1701980251,286
3321cc93,29.5292,-98.472,0,0,1701980253,174
3321ccba,29.5381,-98.485,0,0,1701980250,300
3321cdb4,29.5318,-98.4695,0,1,1701980253,222
33213847,29.5279,-98.4799,0,0,1701980224,337
3321c063,29.5328,-98.4746,0,8,1701980257,312
3321c531,29.5288,-98.4715,0,0,1701980256,286
3321cc93,29.5292,-98.472,0,0,1701980253,174
3321ccba,29.5381,-98.485,0,0,1701980255,300
3321cdb4,29.5318,-98.4695,0,1,1701980257,222
33213847,29.5279,-98.4799,0,0,1701980224,337
3321c063,29.5328,-98.4746,0,8,1701980257,312
3321c531,29.5288,-98.4715,0,0,1701980256,286
3321cc93,29.5292,-98.472,0,0,1701980253,174
3321ccba,29.5381,-98.485,0,0,1701980255,300
3321cdb4,29.5318,-98.4695,0,1,1701980257,222
33213847,29.5279,-98.4799,0,0,1701980224,337
3321c063,29.5328,-98.4746,0,8,1701980257,312
3321c531,29.5288,-98.4715,0,0,1701980256,286
3321cc93,29.5292,-98.472,0,0,1701980253,174
3321ccba,29.5381,-98.485,0,0,1701980255,300
3321cdb4,29.5318,-98.4695,0,1,1701980257,222
33213847,29.5279,-98.4799,0,0,1701980224,337
3321c063,29.5329,-98.4747,0,10,1701980260,312
3321c531,29.5288,-98.4715,0,0,1701980256,286
3321cc93,29.5292,-98.472,0,0,1701980258,174
3321ccba,29.5381,-98.485,0,0,1701980260,300
3321cdb4,29.5318,-98.4695,0,1,1701980260,222
33213847,29.5279,-98.4799,0,0,1701980224,337
3321c063,29.5329,-98.4747,0,10,1701980260,312
3321c531,29.5288,-98.4715,0,0,1701980256,286
3321cc93,29.5292,-98.472,0,0,1701980258,174
3321ccba,29.5381,-98.485,0,0,1701980260,300
3321cdb4,29.5318,-98.4695,0,1,1701980260,222
33213847,29.5279,-98.4799,0,0,1701980224,337
3321c063,29.5329,-98.4747,0,10,1701980260,312
3321c531,29.5288,-98.4715,0,0,1701980256,286
3321cc93,29.5292,-98.472,0,0,1701980258,174
3321ccba,29.5381,-98.485,0,0,1701980260,300
3321cdb4,29.5318,-98.4695,0,1,1701980260,222
33213847,29.528,-98.48,0,0,1701980262,330
3321c063,29.533,-98.4749,0,12,1701980265,312
3321c531,29.5288,-98.4715,0,0,1701980262,286
3321cc93,29.5292,-98.472,0,0,1701980258,174
3321ccba,29.5381,-98.485,0,0,1701980265,300
3321cdb4,29.5318,-98.4695,0,1,1701980265,222
33213847,29.528,-98.48,0,0,1701980262,330
3321c063,29.533,-98.4749,0,12,1701980265,312
3321c531,29.5288,-98.4715,0,0,1701980262,286
3321cc93,29.5292,-98.472,0,0,1701980258,174
3321ccba,29.5381,-98.485,0,0,1701980265,300
3321cdb4,29.5318,-98.4695,0,1,1701980265,222
33213847,29.528,-98.48,0,0,1701980262,330
3321c063,29.533,-98.4749,0,12,1701980265,312
3321c531,29.5288,-98.4715,0,0,1701980262,286
3321cc93,29.5292,-98.472,0,0,1701980258,174
3321ccba,29.5381,-98.485,0,0,1701980265,300
3321cdb4,29.5318,-98.4695,0,1,1701980265,222
33213847,29.528,-98.48,0,0,1701980262,330
3321c063,29.5332,-98.4752,0,14,1701980269,312
3321c531,29.5288,-98.4715,0,0,1701980267,286
3321cc93,29.5292,-98.472,0,0,1701980268,174
3321ccba,29.5381,-98.485,0,0,1701980265,300
3321cdb4,29.5318,-98.4695,0,1,1701980268,222
33213847,29.528,-98.48,0,0,1701980262,330
3321c063,29.5332,-98.4752,0,14,1701980269,312
3321c531,29.5288,-98.4715,0,0,1701980267,286
3321cc93,29.5292,-98.472,0,0,1701980268,174
3321ccba,29.5381,-98.485,0,0,1701980265,300
3321cdb4,29.5318,-98.4695,0,1,1701980268,222
33213847,29.528,-98.48,0,0,1701980262,330
3321c063,29.5332,-98.4752,0,14,1701980269,312
3321c531,29.5288,-98.4715,0,0,1701980267,286
3321cc93,29.5292,-98.472,0,0,1701980268,174
3321ccba,29.5381,-98.485,0,0,1701980265,300
3321cdb4,29.5318,-98.4695,0,1,1701980268,222
33213847,29.528,-98.48,0,0,1701980262,330
3321c063,29.5332,-98.4752,0,14,1701980269,312
3321c531,29.5288,-98.4715,0,0,1701980267,286
3321cc93,29.5292,-98.472,0,0,1701980268,174
3321ccba,29.5381,-98.485,0,0,1701980265,300
3321cdb4,29.5318,-98.4695,0,1,1701980268,222
33213847,29.5281,-98.48,0,0,1701980271,330
3321c063,29.5334,-98.4754,0,15,1701980273,312
3321c531,29.5288,-98.4715,0,0,1701980271,286
3321cc93,29.5292,-98.472,0,0,1701980273,174
3321ccba,29.5381,-98.485,0,0,1701980270,300
3321cdb4,29.5318,-98.4695,0,0,1701980273,222
33213847,29.5281,-98.48,0,0,1701980271,330
3321c063,29.5334,-98.4754,0,15,1701980273,312
3321c531,29.5288,-98.4715,0,0,1701980271,286
3321cc93,29.5292,-98.472,0,0,1701980273,174
3321ccba,29.5381,-98.485,0,0,1701980270,300
3321cdb4,29.5318,-98.4695,0,0,1701980273,222
33213847,29.5281,-98.48,0,0,1701980271,330
3321c063,29.5334,-98.4754,0,15,1701980273,312
3321c531,29.5288,-98.4715,0,0,1701980271,286
3321cc93,29.5292,-98.472,0,0,1701980273,174
3321ccba,29.5381,-98.485,0,0,1701980270,300
3321cdb4,29.5318,-98.4695,0,0,1701980273,222
33213847,29.5281,-98.48,0,0,1701980271,330
3321c063,29.5335,-98.4755,0,16,1701980275,312
3321c531,29.5288,-98.4715,0,0,1701980277,286
3321cc93,29.5292,-98.472,0,0,1701980273,174
3321ccba,29.5381,-98.485,0,0,1701980275,300
3321cdb4,29.5318,-98.4695,0,0,1701980273,222
33213847,29.5281,-98.48,0,0,1701980271,330
3321c063,29.5335,-98.4755,0,16,1701980275,312
3321c531,29.5288,-98.4715,0,0,1701980277,286
3321cc93,29.5292,-98.472,0,0,1701980273,174
3321ccba,29.5381,-98.485,0,0,1701980275,300
3321cdb4,29.5318,-98.4695,0,0,1701980273,222
33213847,29.5281,-98.48,0,0,1701980271,330
3321c063,29.5335,-98.4755,0,16,1701980275,312
3321c531,29.5288,-98.4715,0,0,1701980277,286
3321cc93,29.5292,-98.472,0,0,1701980273,174
3321ccba,29.5381,-98.485,0,0,1701980275,300
3321cdb4,29.5318,-98.4695,0,0,1701980273,222
33213847,29.5281,-98.48,0,0,1701980271,330
3321c063,29.5338,-98.4759,0,16,1701980281,312
3321c531,29.5288,-98.4715,0,0,1701980277,286
3321cc93,29.5292,-98.472,0,0,1701980278,174
3321ccba,29.5381,-98.485,0,0,1701980280,300
3321cdb4,29.5317,-98.4695,0,0,1701980278,222
33213847,29.5281,-98.48,0,0,1701980271,330
3321c063,29.5338,-98.4759,0,16,1701980281,312
3321c531,29.5288,-98.4715,0,0,1701980277,286
3321cc93,29.5292,-98.472,0,0,1701980278,174
3321ccba,29.5381,-98.485,0,0,1701980280,300
3321cdb4,29.5317,-98.4695,0,0,1701980278,222
33213847,29.5281,-98.48,0,0,1701980271,330
3321c063,29.5338,-98.4759,0,16,1701980281,312
3321c531,29.5288,-98.4715,0,0,1701980277,286
3321cc93,29.5292,-98.472,0,0,1701980278,174
3321ccba,29.5381,-98.485,0,0,1701980280,300
3321cdb4,29.5317,-98.4695,0,0,1701980278,222
33213847,29.5281,-98.48,0,0,1701980271,330
3321c063,29.534,-98.4762,0,17,1701980285,312
3321c531,29.5288,-98.4715,0,0,1701980282,286
3321cc93,29.5292,-98.472,0,0,1701980283,174
3321ccba,29.5381,-98.485,0,0,1701980284,300
3321cdb4,29.5317,-98.4695,0,0,1701980278,222
33213847,29.5281,-98.48,0,0,1701980271,330
3321c063,29.534,-98.4762,0,17,1701980285,312
3321c531,29.5288,-98.4715,0,0,1701980282,286
3321cc93,29.5292,-98.472,0,0,1701980283,174
3321ccba,29.5381,-98.485,0,0,1701980284,300
3321cdb4,29.5317,-98.4695,0,0,1701980278,222
33213847,29.5281,-98.48,0,0,1701980271,330
3321c063,29.534,-98.4762,0,17,1701980285,312
3321c531,29.5288,-98.4715,0,0,1701980282,286
3321cc93,29.5292,-98.472,0,0,1701980283,174
3321ccba,29.5381,-98.485,0,0,1701980284,300
3321cdb4,29.5317,-98.4695,0,0,1701980278,222
33213847,29.5281,-98.48,0,0,1701980271,330
3321c063,29.5342,-98.4765,0,17,1701980289,312
3321c531,29.5288,-98.4715,0,0,1701980287,286
3321cc93,29.5292,-98.472,0,0,1701980288,174
3321ccba,29.5381,-98.485,0,0,1701980285,300
3321cdb4,29.5317,-98.4695,0,0,1701980278,222
33213847,29.5281,-98.48,0,0,1701980271,330
3321c063,29.5342,-98.4765,0,17,1701980289,312
3321c531,29.5288,-98.4715,0,0,1701980287,286
3321cc93,29.5292,-98.472,0,0,1701980288,174
3321ccba,29.5381,-98.485,0,0,1701980285,300
3321cdb4,29.5317,-98.4695,0,0,1701980278,222
33213847,29.5281,-98.48,0,0,1701980271,330
3321c063,29.5342,-98.4765,0,17,1701980289,312
3321c531,29.5288,-98.4715,0,0,1701980287,286
3321cc93,29.5292,-98.472,0,0,1701980288,174
3321ccba,29.5381,-98.485,0,0,1701980285,300
3321cdb4,29.5317,-98.4695,0,0,1701980278,222
33213847,29.5281,-98.48,0,0,1701980271,330
3321c063,29.5344,-98.4767,0,17,1701980292,312
3321c531,29.5288,-98.4715,0,0,1701980292,286
3321cc93,29.5292,-98.472,0,0,1701980288,174
3321ccba,29.5381,-98.485,0,0,1701980290,300
3321cdb4,29.5311,-98.4701,0,18,1701980292,222
33213847,29.5281,-98.48,0,0,1701980271,330
3321c063,29.5344,-98.4767,0,17,1701980292,312
3321c531,29.5288,-98.4715,0,0,1701980292,286
3321cc93,29.5292,-98.472,0,0,1701980288,174
3321ccba,29.5381,-98.485,0,0,1701980290,300
3321cdb4,29.5311,-98.4701,0,18,1701980292,222
33213847,29.5281,-98.48,0,0,1701980271,330
3321c063,29.5344,-98.4767,0,17,1701980292,312
3321c531,29.5288,-98.4715,0,0,1701980292,286
3321cc93,29.5292,-98.472,0,0,1701980288,174
3321ccba,29.5381,-98.485,0,0,1701980290,300
3321cdb4,29.5311,-98.4701,0,18,1701980292,222
33213847,29.5281,-98.48,0,0,1701980271,330
3321c063,29.5344,-98.4767,0,17,1701980292,312
3321c531,29.5288,-98.4715,0,0,1701980292,286
3321cc93,29.5292,-98.472,0,0,1701980288,174
3321ccba,29.5381,-98.485,0,0,1701980290,300
3321cdb4,29.5311,-98.4701,0,18,1701980292,222
33213847,29.5281,-98.48,0,0,1701980271,330
3321c063,29.5346,-98.477,0,16,1701980296,312
3321c531,29.5288,-98.4715,0,0,1701980292,286
3321cc93,29.5292,-98.472,0,0,1701980293,174
3321ccba,29.5381,-98.485,0,0,1701980294,300
3321cdb4,29.5309,-98.4703,0,18,1701980296,222
33213847,29.5281,-98.48,0,0,1701980271,330
3321c063,29.5346,-98.477,0,16,1701980296,312
3321c531,29.5288,-98.4715,0,0,1701980292,286
3321cc93,29.5292,-98.472,0,0,1701980293,174
3321ccba,29.5381,-98.485,0,0,1701980294,300
3321cdb4,29.5309,-98.4703,0,18,1701980296,222
33213847,29.5281,-98.48,0,0,1701980271,330
3321c063,29.5346,-98.477,0,16,1701980296,312
3321c531,29.5288,-98.4715,0,0,1701980292,286
3321cc93,29.5292,-98.472,0,0,1701980293,174
3321ccba,29.5381,-98.485,0,0,1701980294,300
3321cdb4,29.5309,-98.4703,0,18,1701980296,222
33213847,29.5282,-98.48,0,0,1701980299,330
3321c063,29.5348,-98.4772,0,16,1701980300,312
3321c531,29.5288,-98.4715,0,0,1701980297,286
3321cc93,29.5292,-98.472,0,0,1701980298,174
3321ccba,29.5381,-98.485,0,0,1701980300,300
3321cdb4,29.5309,-98.4703,0,18,1701980296,222
33213847,29.5282,-98.48,0,0,1701980299,330
3321c063,29.5348,-98.4772,0,16,1701980300,312
3321c531,29.5288,-98.4715,0,0,1701980297,286
3321cc93,29.5292,-98.472,0,0,1701980298,174
3321ccba,29.5381,-98.485,0,0,1701980300,300
3321cdb4,29.5309,-98.4703,0,18,1701980296,222
33213847,29.5282,-98.48,0,0,1701980299,330
3321c063,29.5348,-98.4772,0,16,1701980300,312
3321c531,29.5288,-98.4715,0,0,1701980297,286
3321cc93,29.5292,-98.472,0,0,1701980298,174
3321ccba,29.5381,-98.485,0,0,1701980300,300
3321cdb4,29.5309,-98.4703,0,18,1701980296,222
33213847,29.5282,-98.48,0,0,1701980299,330
3321c063,29.535,-98.4775,0,16,1701980304,312
3321c531,29.5288,-98.4715,0,0,1701980302,286
3321cc93,29.5292,-98.472,0,0,1701980303,174
3321ccba,29.5381,-98.485,0,0,1701980304,300
3321cdb4,29.5309,-98.4703,0,18,1701980296,222
33213847,29.5282,-98.48,0,0,1701980299,330
3321c063,29.535,-98.4775,0,16,1701980304,312
3321c531,29.5288,-98.4715,0,0,1701980302,286
3321cc93,29.5292,-98.472,0,0,1701980303,174
3321ccba,29.5381,-98.485,0,0,1701980304,300
3321cdb4,29.5309,-98.4703,0,18,1701980296,222
33213847,29.5282,-98.48,0,0,1701980299,330
3321c063,29.535,-98.4775,0,16,1701980304,312
3321c531,29.5288,-98.4715,0,0,1701980302,286
3321cc93,29.5292,-98.472,0,0,1701980303,174
3321ccba,29.5381,-98.485,0,0,1701980304,300
3321cdb4,29.5309,-98.4703,0,18,1701980296,222
33213847,29.5282,-98.48,0,0,1701980299,330
3321c063,29.5353,-98.4778,0,16,1701980309,312
3321c531,29.5288,-98.4715,0,0,1701980307,286
3321cc93,29.5292,-98.472,0,0,1701980308,174
3321ccba,29.5381,-98.485,0,0,1701980305,300
3321cdb4,29.5303,-98.471,0,15,1701980307,233
33213847,29.5282,-98.48,0,0,1701980299,330
3321c063,29.5353,-98.4778,0,16,1701980309,312
3321c531,29.5288,-98.4715,0,0,1701980307,286
3321cc93,29.5292,-98.472,0,0,1701980308,174
3321ccba,29.5381,-98.485,0,0,1701980305,300
3321cdb4,29.5303,-98.471,0,15,1701980307,233
33213847,29.5282,-98.48,0,0,1701980299,330
3321c063,29.5353,-98.4778,0,16,1701980309,312
3321c531,29.5288,-98.4715,0,0,1701980307,286
3321cc93,29.5292,-98.472,0,0,1701980308,174
3321ccba,29.5381,-98.485,0,0,1701980305,300
3321cdb4,29.5303,-98.471,0,15,1701980307,233
33213847,29.5282,-98.48,0,0,1701980299,330
3321c063,29.5354,-98.478,0,15,1701980312,312
3321c531,29.5288,-98.4715,0,0,1701980312,286
3321cc93,29.5292,-98.4719,0,3,1701980313,174
3321ccba,29.5381,-98.485,0,0,1701980310,300
3321cdb4,29.5303,-98.471,0,15,1701980307,233
33213847,29.5282,-98.48,0,0,1701980299,330
3321c063,29.5354,-98.478,0,15,1701980312,312
3321c531,29.5288,-98.4715,0,0,1701980312,286
3321cc93,29.5292,-98.4719,0,3,1701980313,174
3321ccba,29.5381,-98.485,0,0,1701980310,300
3321cdb4,29.5303,-98.471,0,15,1701980307,233
33213847,29.5282,-98.48,0,0,1701980299,330
3321c063,29.5354,-98.478,0,15,1701980312,312
3321c531,29.5288,-98.4715,0,0,1701980312,286
3321cc93,29.5292,-98.4719,0,3,1701980313,174
3321ccba,29.5381,-98.485,0,0,1701980310,300
3321cdb4,29.5303,-98.471,0,15,1701980307,233
33213847,29.5282,-98.48,0,0,1701980299,330
3321c063,29.5356,-98.4783,0,15,1701980316,312
3321c531,29.5288,-98.4715,0,0,1701980316,286
3321cc93,29.5292,-98.472,0,1,1701980317,174
3321ccba,29.5381,-98.485,0,0,1701980315,300
3321cdb4,29.5305,-98.4717,0,18,1701980317,312
33213847,29.5282,-98.48,0,0,1701980299,330
3321c063,29.5356,-98.4783,0,15,1701980316,312
3321c531,29.5288,-98.4715,0,0,1701980316,286
3321cc93,29.5292,-98.472,0,1,1701980317,174
3321ccba,29.5381,-98.485,0,0,1701980315,300
3321cdb4,29.5305,-98.4717,0,18,1701980317,312
33213847,29.5282,-98.48,0,0,1701980299,330
3321c063,29.5356,-98.4783,0,15,1701980316,312
3321c531,29.5288,-98.4715,0,0,1701980316,286
3321cc93,29.5292,-98.472,0,1,1701980317,174
3321ccba,29.5381,-98.485,0,0,1701980315,300
3321cdb4,29.5305,-98.4717,0,18,1701980317,312
33213847,29.5282,-98.48,0,0,1701980299,330
3321c063,29.5358,-98.4785,0,15,1701980320,312
3321c531,29.5288,-98.4715,0,0,1701980316,286
3321cc93,29.5293,-98.4719,0,1,1701980320,174
3321ccba,29.5381,-98.485,0,0,1701980320,300
3321cdb4,29.5307,-98.472,0,20,1701980320,312
33213847,29.5282,-98.48,0,0,1701980299,330
3321c063,29.5358,-98.4785,0,15,1701980320,312
3321c531,29.5288,-98.4715,0,0,1701980316,286
3321cc93,29.5293,-98.4719,0,1,1701980320,174
3321ccba,29.5381,-98.485,0,0,1701980320,300
3321cdb4,29.5307,-98.472,0,20,1701980320,312
33213847,29.5282,-98.48,0,0,1701980299,330
3321c063,29.5358,-98.4785,0,15,1701980320,312
3321c531,29.5288,-98.4715,0,0,1701980316,286
3321cc93,29.5293,-98.4719,0,1,1701980320,174
3321ccba,29.5381,-98.485,0,0,1701980320,300
3321cdb4,29.5307,-98.472,0,20,1701980320,312
33213847,29.5282,-98.48,0,0,1701980299,330
3321c063,29.5358,-98.4785,0,15,1701980320,312
3321c531,29.5288,-98.4715,0,0,1701980316,286
3321cc93,29.5293,-98.4719,0,1,1701980320,174
3321ccba,29.5381,-98.485,0,0,1701980320,300
3321cdb4,29.5307,-98.472,0,20,1701980320,312
33213847,29.5283,-98.48,0,0,1701980324,330
3321c063,29.5358,-98.4785,0,15,1701980320,312
3321c531,29.5288,-98.4715,0,0,1701980321,286
3321cc93,29.5293,-98.4719,0,0,1701980325,174
3321ccba,29.5381,-98.485,0,0,1701980325,300
3321cdb4,29.5309,-98.4721,0,21,1701980322,312
33213847,29.5283,-98.48,0,0,1701980324,330
3321c063,29.5358,-98.4785,0,15,1701980320,312
3321c531,29.5288,-98.4715,0,0,1701980321,286
3321cc93,29.5293,-98.4719,0,0,1701980325,174
3321ccba,29.5381,-98.485,0,0,1701980325,300
3321cdb4,29.5309,-98.4721,0,21,1701980322,312
33213847,29.5283,-98.48,0,0,1701980324,330
3321c063,29.5358,-98.4785,0,15,1701980320,312
3321c531,29.5288,-98.4715,0,0,1701980321,286
3321cc93,29.5293,-98.4719,0,0,1701980325,174
3321ccba,29.5381,-98.485,0,0,1701980325,300
3321cdb4,29.5309,-98.4721,0,21,1701980322,312
33213847,29.5283,-98.48,0,0,1701980324,330
3321c063,29.5362,-98.479,0,15,1701980329,312
3321c531,29.5288,-98.4715,0,0,1701980326,286
3321cc93,29.5293,-98.4719,0,1,1701980329,174
3321ccba,29.5381,-98.485,0,0,1701980325,300
3321cdb4,29.5309,-98.4721,0,21,1701980322,312
33213847,29.5283,-98.48,0,0,1701980324,330
3321c063,29.5362,-98.479,0,15,1701980329,312
3321c531,29.5288,-98.4715,0,0,1701980326,286
3321cc93,29.5293,-98.4719,0,1,1701980329,174
3321ccba,29.5381,-98.485,0,0,1701980325,300
3321cdb4,29.5309,-98.4721,0,21,1701980322,312
33213847,29.5283,-98.48,0,0,1701980324,330
3321c063,29.5362,-98.479,0,15,1701980329,312
3321c531,29.5288,-98.4715,0,0,1701980326,286
3321cc93,29.5293,-98.4719,0,1,1701980329,174
3321ccba,29.5381,-98.485,0,0,1701980325,300
3321cdb4,29.5309,-98.4721,0,21,1701980322,312
33213847,29.5283,-98.48,0,0,1701980324,330
3321c063,29.5364,-98.4792,0,15,1701980332,312
3321c531,29.5288,-98.4715,0,0,1701980331,286
3321cc93,29.5293,-98.4719,0,1,1701980333,174
3321ccba,29.5381,-98.485,0,0,1701980330,300
3321cdb4,29.5314,-98.4729,0,25,1701980330,312
33213847,29.5283,-98.48,0,0,1701980324,330
3321c063,29.5364,-98.4792,0,15,1701980332,312
3321c531,29.5288,-98.4715,0,0,1701980331,286
3321cc93,29.5293,-98.4719,0,1,1701980333,174
3321ccba,29.5381,-98.485,0,0,1701980330,300
3321cdb4,29.5314,-98.4729,0,25,1701980330,312
33213847,29.5283,-98.48,0,0,1701980324,330
3321c063,29.5364,-98.4792,0,15,1701980332,312
3321c531,29.5288,-98.4715,0,0,1701980331,286
3321cc93,29.5293,-98.4719,0,1,1701980333,174
3321ccba,29.5381,-98.485,0,0,1701980330,300
3321cdb4,29.5314,-98.4729,0,25,1701980330,312
33213847,29.5283,-98.48,0,0,1701980324,330
3321c063,29.5365,-98.4794,0,16,1701980335,312
3321c531,29.5288,-98.4715,0,0,1701980336,286
3321cc93,29.5292,-98.472,0,1,1701980337,174
3321ccba,29.5381,-98.485,0,0,1701980334,300
3321cdb4,29.5314,-98.4729,0,25,1701980330,312
33213847,29.5283,-98.48,0,0,1701980324,330
3321c063,29.5365,-98.4794,0,16,1701980335,312
3321c531,29.5288,-98.4715,0,0,1701980336,286
3321cc93,29.5292,-98.472,0,1,1701980337,174
3321ccba,29.5381,-98.485,0,0,1701980334,300
3321cdb4,29.5314,-98.4729,0,25,1701980330,312
33213847,29.5283,-98.48,0,0,1701980324,330
3321c063,29.5365,-98.4794,0,16,1701980335,312
3321c531,29.5288,-98.4715,0,0,1701980336,286
3321cc93,29.5292,-98.472,0,1,1701980337,174
3321ccba,29.5381,-98.485,0,0,1701980334,300
3321cdb4,29.5314,-98.4729,0,25,1701980330,312
33213847,29.5283,-98.48,0,0,1701980324,330
3321c063,29.5365,-98.4794,0,16,1701980335,312
3321c531,29.5288,-98.4715,0,0,1701980336,286
3321cc93,29.5292,-98.472,0,1,1701980337,174
3321ccba,29.5381,-98.485,0,0,1701980334,300
3321cdb4,29.5314,-98.4729,0,25,1701980330,312
33213847,29.5283,-98.48,0,0,1701980324,330
3321c063,29.5367,-98.4796,0,16,1701980338,312
3321c531,29.5288,-98.4715,0,0,1701980336,286
3321cc93,29.5292,-98.472,0,0,1701980341,174
3321ccba,29.5381,-98.485,0,0,1701980340,300
3321cdb4,29.5324,-98.4741,0,0,1701980341,312
33213847,29.5283,-98.48,0,0,1701980324,330
3321c063,29.5367,-98.4796,0,16,1701980338,312
3321c531,29.5288,-98.4715,0,0,1701980336,286
3321cc93,29.5292,-98.472,0,0,1701980341,174
3321ccba,29.5381,-98.485,0,0,1701980340,300
3321cdb4,29.5324,-98.4741,0,0,1701980341,312
33213847,29.5283,-98.48,0,0,1701980324,330
3321c063,29.5367,-98.4796,0,16,1701980338,312
3321c531,29.5288,-98.4715,0,0,1701980336,286
3321cc93,29.5292,-98.472,0,0,1701980341,174
3321ccba,29.5381,-98.485,0,0,1701980340,300
3321cdb4,29.5324,-98.4741,0,0,1701980341,312
33213847,29.5283,-98.48,0,0,1701980324,330
3321c063,29.537,-98.4801,0,18,1701980345,312
3321c531,29.5288,-98.4715,0,0,1701980336,286
3321cc93,29.5292,-98.472,0,1,1701980345,174
3321ccba,29.5381,-98.485,0,0,1701980344,300
3321cdb4,29.5329,-98.4747,0,30,1701980345,312
33213847,29.5283,-98.48,0,0,1701980324,330
3321c063,29.537,-98.4801,0,18,1701980345,312
3321c531,29.5288,-98.4715,0,0,1701980336,286
3321cc93,29.5292,-98.472,0,1,1701980345,174
3321ccba,29.5381,-98.485,0,0,1701980344,300
3321cdb4,29.5329,-98.4747,0,30,1701980345,312
33213847,29.5283,-98.48,0,0,1701980324,330
3321c063,29.537,-98.4801,0,18,1701980345,312
3321c531,29.5288,-98.4715,0,0,1701980336,286
3321cc93,29.5292,-98.472,0,1,1701980345,174
3321ccba,29.5381,-98.485,0,0,1701980344,300
3321cdb4,29.5329,-98.4747,0,30,1701980345,312
33213847,29.5283,-98.48,0,0,1701980324,330
3321c063,29.537,-98.4801,0,18,1701980345,312
3321c531,29.5288,-98.4715,0,0,1701980336,286
3321cc93,29.5292,-98.472,0,0,1701980348,174
3321ccba,29.5381,-98.485,0,0,1701980349,300
3321cdb4,29.5331,-98.4751,0,29,1701980349,312
33213847,29.5283,-98.48,0,0,1701980324,330
3321c063,29.537,-98.4801,0,18,1701980345,312
3321c531,29.5288,-98.4715,0,0,1701980336,286
3321cc93,29.5292,-98.472,0,0,1701980348,174
3321ccba,29.5381,-98.485,0,0,1701980349,300
3321cdb4,29.5331,-98.4751,0,29,1701980349,312
33213847,29.5283,-98.48,0,0,1701980324,330
3321c063,29.537,-98.4801,0,18,1701980345,312
3321c531,29.5288,-98.4715,0,0,1701980336,286
3321cc93,29.5292,-98.472,0,0,1701980348,174
3321ccba,29.5381,-98.485,0,0,1701980349,300
3321cdb4,29.5331,-98.4751,0,29,1701980349,312
33213847,29.5283,-98.48,0,0,1701980324,330
3321c063,29.537,-98.4801,0,18,1701980345,312
3321c531,29.5288,-98.4715,0,0,1701980351,286
3321cc93,29.5292,-98.472,0,0,1701980348,174
3321ccba,29.5381,-98.485,0,0,1701980350,300
3321cdb4,29.5331,-98.4751,0,29,1701980349,312
33213847,29.5283,-98.48,0,0,1701980324,330
3321c063,29.537,-98.4801,0,18,1701980345,312
3321c531,29.5288,-98.4715,0,0,1701980351,286
3321cc93,29.5292,-98.472,0,0,1701980348,174
3321ccba,29.5381,-98.485,0,0,1701980350,300
3321cdb4,29.5331,-98.4751,0,29,1701980349,312
33213847,29.5283,-98.48,0,0,1701980324,330
3321c063,29.537,-98.4801,0,18,1701980345,312
3321c531,29.5288,-98.4715,0,0,1701980351,286
3321cc93,29.5292,-98.472,0,0,1701980348,174
3321ccba,29.5381,-98.485,0,0,1701980350,300
3321cdb4,29.5331,-98.4751,0,29,1701980349,312
33213847,29.5283,-98.48,0,0,1701980324,330
3321c063,29.537,-98.4801,0,18,1701980345,312
3321c531,29.5288,-98.4715,0,0,1701980356,286
3321cc93,29.5292,-98.472,0,0,1701980353,174
3321ccba,29.5381,-98.485,0,0,1701980355,300
3321cdb4,29.5338,-98.4759,0,25,1701980356,312
33213847,29.5283,-98.48,0,0,1701980324,330
3321c063,29.537,-98.4801,0,18,1701980345,312
3321c531,29.5288,-98.4715,0,0,1701980356,286
3321cc93,29.5292,-98.472,0,0,1701980353,174
3321ccba,29.5381,-98.485,0,0,1701980355,300
3321cdb4,29.5338,-98.4759,0,25,1701980356,312
33213847,29.5283,-98.48,0,0,1701980324,330
3321c063,29.537,-98.4801,0,18,1701980345,312
3321c531,29.5288,-98.4715,0,0,1701980356,286
3321cc93,29.5292,-98.472,0,0,1701980353,174
3321ccba,29.5381,-98.485,0,0,1701980355,300
3321cdb4,29.5338,-98.4759,0,25,1701980356,312
33213847,29.5283,-98.48,0,0,1701980324,330
3321c063,29.5378,-98.481,0,0,1701980357,312
3321c531,29.5288,-98.4715,0,0,1701980356,286
3321cc93,29.5292,-98.472,0,0,1701980358,174
3321ccba,29.5381,-98.485,0,0,1701980360,300
3321cdb4,29.534,-98.4762,0,25,1701980360,312
33213847,29.5283,-98.48,0,0,1701980324,330
3321c063,29.5378,-98.481,0,0,1701980357,312
3321c531,29.5288,-98.4715,0,0,1701980356,286
3321cc93,29.5292,-98.472,0,0,1701980358,174
3321ccba,29.5381,-98.485,0,0,1701980360,300
3321cdb4,29.534,-98.4762,0,25,1701980360,312
33213847,29.5283,-98.48,0,0,1701980324,330
3321c063,29.5378,-98.481,0,0,1701980357,312
3321c531,29.5288,-98.4715,0,0,1701980356,286
3321cc93,29.5292,-98.472,0,0,1701980358,174
3321ccba,29.5381,-98.485,0,0,1701980360,300
3321cdb4,29.534,-98.4762,0,25,1701980360,312
33213847,29.5283,-98.48,0,0,1701980324,330
3321c063,29.5378,-98.481,0,0,1701980357,312
3321c531,29.5288,-98.4715,0,0,1701980356,286
3321cc93,29.5292,-98.472,0,0,1701980358,174
3321ccba,29.5381,-98.485,0,0,1701980360,300
3321cdb4,29.534,-98.4762,0,25,1701980360,312
33213847,29.5283,-98.48,0,0,1701980324,330
3321c063,29.5378,-98.481,0,0,1701980357,312
3321c531,29.5288,-98.4715,0,0,1701980361,286
3321cc93,29.5292,-98.472,0,0,1701980363,174
3321ccba,29.5381,-98.485,0,0,1701980365,300
3321cdb4,29.5344,-98.4767,0,24,1701980364,312
33213847,29.5283,-98.48,0,0,1701980324,330
3321c063,29.5378,-98.481,0,0,1701980357,312
3321c531,29.5288,-98.4715,0,0,1701980361,286
3321cc93,29.5292,-98.472,0,0,1701980363,174
3321ccba,29.5381,-98.485,0,0,1701980365,300
3321cdb4,29.5344,-98.4767,0,24,1701980364,312
33213847,29.5283,-98.48,0,0,1701980324,330
3321c063,29.5378,-98.481,0,0,1701980357,312
3321c531,29.5288,-98.4715,0,0,1701980361,286
3321cc93,29.5292,-98.472,0,0,1701980363,174
3321ccba,29.5381,-98.485,0,0,1701980365,300
3321cdb4,29.5344,-98.4767,0,24,1701980364,312
33213847,29.5283,-98.48,0,0,1701980324,330
3321c063,29.5385,-98.482,0,22,1701980368,312
3321c531,29.5288,-98.4715,0,0,1701980366,286
3321cc93,29.5292,-98.472,0,0,1701980368,174
3321ccba,29.5381,-98.485,0,0,1701980365,300
3321cdb4,29.5347,-98.4771,0,24,1701980368,312
33213847,29.5283,-98.48,0,0,1701980324,330
3321c063,29.5385,-98.482,0,22,1701980368,312
3321c531,29.5288,-98.4715,0,0,1701980366,286
3321cc93,29.5292,-98.472,0,0,1701980368,174
3321ccba,29.5381,-98.485,0,0,1701980365,300
3321cdb4,29.5347,-98.4771,0,24,1701980368,312
33213847,29.5283,-98.48,0,0,1701980324,330
3321c063,29.5385,-98.482,0,22,1701980368,312
3321c531,29.5288,-98.4715,0,0,1701980366,286
3321cc93,29.5292,-98.472,0,0,1701980368,174
3321ccba,29.5381,-98.485,0,0,1701980365,300
3321cdb4,29.5347,-98.4771,0,24,1701980368,312
33213847,29.5283,-98.48,0,0,1701980324,330
3321c063,29.5385,-98.482,0,22,1701980368,312
3321c531,29.5288,-98.4715,0,0,1701980371,286
3321cc93,29.5292,-98.472,0,0,1701980368,174
3321ccba,29.5381,-98.485,0,0,1701980370,300
3321cdb4,29.5349,-98.4774,0,24,1701980371,312
33213847,29.5283,-98.48,0,0,1701980324,330
3321c063,29.5385,-98.482,0,22,1701980368,312
3321c531,29.5288,-98.4715,0,0,1701980371,286
3321cc93,29.5292,-98.472,0,0,1701980368,174
3321ccba,29.5381,-98.485,0,0,1701980370,300
3321cdb4,29.5349,-98.4774,0,24,1701980371,312
33213847,29.5283,-98.48,0,0,1701980324,330
3321c063,29.5385,-98.482,0,22,1701980368,312
3321c531,29.5288,-98.4715,0,0,1701980371,286
3321cc93,29.5292,-98.472,0,0,1701980368,174
3321ccba,29.5381,-98.485,0,0,1701980370,300
3321cdb4,29.5349,-98.4774,0,24,1701980371,312
33213847,29.5283,-98.48,0,0,1701980324,330
3321c063,29.5385,-98.482,0,22,1701980368,312
3321c531,29.5288,-98.4715,0,0,1701980376,286
3321cc93,29.5292,-98.472,0,0,1701980373,174
3321ccba,29.5381,-98.485,0,0,1701980374,300
3321cdb4,29.5353,-98.4778,0,24,1701980376,312
33213847,29.5283,-98.48,0,0,1701980324,330
3321c063,29.5385,-98.482,0,22,1701980368,312
3321c531,29.5288,-98.4715,0,0,1701980376,286
3321cc93,29.5292,-98.472,0,0,1701980373,174
3321ccba,29.5381,-98.485,0,0,1701980374,300
3321cdb4,29.5353,-98.4778,0,24,1701980376,312
33213847,29.5283,-98.48,0,0,1701980324,330
3321c063,29.5385,-98.482,0,22,1701980368,312
3321c531,29.5288,-98.4715,0,0,1701980376,286
3321cc93,29.5292,-98.472,0,0,1701980373,174
3321ccba,29.5381,-98.485,0,0,1701980374,300
3321cdb4,29.5353,-98.4778,0,24,1701980376,312
33213847,29.5283,-98.48,0,0,1701980324,330
3321c063,29.5385,-98.482,0,22,1701980368,312
3321c531,29.5288,-98.4715,0,0,1701980376,286
3321cc93,29.5292,-98.472,0,0,1701980378,174
3321ccba,29.5381,-98.485,0,0,1701980380,300
3321cdb4,29.5353,-98.4778,0,24,1701980376,312
33213847,29.5283,-98.48,0,0,1701980324,330
3321c063,29.5385,-98.482,0,22,1701980368,312
3321c531,29.5288,-98.4715,0,0,1701980376,286
3321cc93,29.5292,-98.472,0,0,1701980378,174
3321ccba,29.5381,-98.485,0,0,1701980380,300
3321cdb4,29.5353,-98.4778,0,24,1701980376,312
33213847,29.5283,-98.48,0,0,1701980324,330
3321c063,29.5385,-98.482,0,22,1701980368,312
3321c531,29.5288,-98.4715,0,0,1701980376,286
3321cc93,29.5292,-98.472,0,0,1701980378,174
3321ccba,29.5381,-98.485,0,0,1701980380,300
3321cdb4,29.5353,-98.4778,0,24,1701980376,312
33213847,29.5283,-98.48,0,0,1701980324,330
3321c063,29.5395,-98.4832,0,23,1701980382,312
3321c531,29.5288,-98.4715,0,0,1701980382,286
3321cc93,29.5292,-98.472,0,0,1701980383,174
3321ccba,29.5381,-98.485,0,0,1701980384,300
3321cdb4,29.5353,-98.4778,0,24,1701980376,312
33213847,29.5283,-98.48,0,0,1701980324,330
3321c063,29.5395,-98.4832,0,23,1701980382,312
3321c531,29.5288,-98.4715,0,0,1701980382,286
3321cc93,29.5292,-98.472,0,0,1701980383,174
3321ccba,29.5381,-98.485,0,0,1701980384,300
3321cdb4,29.5353,-98.4778,0,24,1701980376,312
33213847,29.5283,-98.48,0,0,1701980324,330
3321c063,29.5395,-98.4832,0,23,1701980382,312
3321c531,29.5288,-98.4715,0,0,1701980382,286
3321cc93,29.5292,-98.472,0,0,1701980383,174
3321ccba,29.5381,-98.485,0,0,1701980384,300
3321cdb4,29.5353,-98.4778,0,24,1701980376,312
33213847,29.5283,-98.48,0,0,1701980324,330
3321c063,29.5395,-98.4832,0,23,1701980382,312
3321c531,29.5288,-98.4715,0,0,1701980382,286
3321cc93,29.5292,-98.472,0,0,1701980383,174
3321ccba,29.5381,-98.485,0,0,1701980384,300
3321cdb4,29.5353,-98.4778,0,24,1701980376,312
33213847,29.528,-98.4799,0,0,1701980385,330
3321c063,29.5395,-98.4832,0,23,1701980382,312
3321c531,29.5288,-98.4715,0,0,1701980387,286
3321cc93,29.5292,-98.472,0,0,1701980388,174
3321ccba,29.5381,-98.485,0,0,1701980385,300
3321cdb4,29.5353,-98.4778,0,24,1701980376,312
33213847,29.528,-98.4799,0,0,1701980385,330
3321c063,29.5395,-98.4832,0,23,1701980382,312
3321c531,29.5288,-98.4715,0,0,1701980387,286
3321cc93,29.5292,-98.472,0,0,1701980388,174
3321ccba,29.5381,-98.485,0,0,1701980385,300
3321cdb4,29.5353,-98.4778,0,24,1701980376,312
33213847,29.528,-98.4799,0,0,1701980385,330
3321c063,29.5395,-98.4832,0,23,1701980382,312
3321c531,29.5288,-98.4715,0,0,1701980387,286
3321cc93,29.5292,-98.472,0,0,1701980388,174
3321ccba,29.5381,-98.485,0,0,1701980385,300
3321cdb4,29.5353,-98.4778,0,24,1701980376,312
33213847,29.528,-98.4799,0,0,1701980385,330
3321c063,29.5395,-98.4832,0,23,1701980382,312
3321c531,29.5288,-98.4715,0,0,1701980392,286
3321cc93,29.5292,-98.472,0,0,1701980388,174
3321ccba,29.5381,-98.485,0,0,1701980390,300
3321cdb4,29.5353,-98.4778,0,24,1701980376,312
33213847,29.528,-98.4799,0,0,1701980385,330
3321c063,29.5395,-98.4832,0,23,1701980382,312
3321c531,29.5288,-98.4715,0,0,1701980392,286
3321cc93,29.5292,-98.472,0,0,1701980388,174
3321ccba,29.5381,-98.485,0,0,1701980390,300
3321cdb4,29.5353,-98.4778,0,24,1701980376,312
33213847,29.528,-98.4799,0,0,1701980385,330
3321c063,29.5395,-98.4832,0,23,1701980382,312
3321c531,29.5288,-98.4715,0,0,1701980392,286
3321cc93,29.5292,-98.472,0,0,1701980388,174
3321ccba,29.5381,-98.485,0,0,1701980390,300
3321cdb4,29.5353,-98.4778,0,24,1701980376,312
33213847,29.528,-98.4799,0,0,1701980394,330
3321c063,29.5395,-98.4832,0,23,1701980382,312
3321c531,29.5288,-98.4715,0,0,1701980396,286
3321cb9d,29.5242,-98.4706,0,6,1701980394,219
3321cc93,29.5292,-98.472,0,0,1701980394,174
3321ccba,29.5381,-98.485,0,0,1701980395,300
3321cdb4,29.5353,-98.4778,0,24,1701980376,312
33213847,29.528,-98.4799,0,0,1701980394,330
3321c063,29.5395,-98.4832,0,23,1701980382,312
3321c531,29.5288,-98.4715,0,0,1701980396,286
3321cb9d,29.5242,-98.4706,0,6,1701980394,219
3321cc93,29.5292,-98.472,0,0,1701980394,174
3321ccba,29.5381,-98.485,0,0,1701980395,300
3321cdb4,29.5353,-98.4778,0,24,1701980376,312
33213847,29.528,-98.4799,0,0,1701980394,330
3321c063,29.5395,-98.4832,0,23,1701980382,312
3321c531,29.5288,-98.4715,0,0,1701980396,286
3321cb9d,29.5242,-98.4706,0,6,1701980394,219
3321cc93,29.5292,-98.472,0,0,1701980394,174
3321ccba,29.5381,-98.485,0,0,1701980395,300
3321cdb4,29.5353,-98.4778,0,24,1701980376,312
33213847,29.528,-98.4799,0,0,1701980394,330
3321c063,29.5395,-98.4832,0,23,1701980382,312
3321c531,29.5288,-98.4715,0,0,1701980396,286
3321cb9d,29.5242,-98.4706,0,6,1701980394,219
3321cc93,29.5292,-98.472,0,0,1701980398,174
3321ccba,29.5381,-98.485,0,0,1701980399,300
3321cdb4,29.5353,-98.4778,0,24,1701980376,312
33213847,29.528,-98.4799,0,0,1701980394,330
3321c063,29.5395,-98.4832,0,23,1701980382,312
3321c531,29.5288,-98.4715,0,0,1701980396,286
3321cb9d,29.5242,-98.4706,0,6,1701980394,219
3321cc93,29.5292,-98.472,0,0,1701980398,174
3321ccba,29.5381,-98.485,0,0,1701980399,300
3321cdb4,29.5353,-98.4778,0,24,1701980376,312
33213847,29.528,-98.4799,0,0,1701980394,330
3321c063,29.5395,-98.4832,0,23,1701980382,312
3321c531,29.5288,-98.4715,0,0,1701980396,286
3321cb9d,29.5242,-98.4706,0,6,1701980394,219
3321cc93,29.5292,-98.472,0,0,1701980398,174
3321ccba,29.5381,-98.485,0,0,1701980399,300
3321cdb4,29.5353,-98.4778,0,24,1701980376,312
33213847,29.528,-98.4799,0,0,1701980394,330
3321c063,29.5395,-98.4832,0,23,1701980382,312
3321c531,29.5288,-98.4715,0,0,1701980402,286
3321cb9d,29.5241,-98.4707,0,3,1701980403,222
3321cc93,29.5292,-98.472,0,0,1701980403,174
3321ccba,29.5381,-98.485,0,0,1701980405,300
3321cdb4,29.5353,-98.4778,0,24,1701980376,312
33213847,29.528,-98.4799,0,0,1701980394,330
3321c063,29.5395,-98.4832,0,23,1701980382,312
3321c531,29.5288,-98.4715,0,0,1701980402,286
3321cb9d,29.5241,-98.4707,0,3,1701980403,222
3321cc93,29.5292,-98.472,0,0,1701980403,174
3321ccba,29.5381,-98.485,0,0,1701980405,300
3321cdb4,29.5353,-98.4778,0,24,1701980376,312
33213847,29.528,-98.4799,0,0,1701980394,330
3321c063,29.5395,-98.4832,0,23,1701980382,312
3321c531,29.5288,-98.4715,0,0,1701980402,286
3321cb9d,29.5241,-98.4707,0,3,1701980403,222
3321cc93,29.5292,-98.472,0,0,1701980403,174
3321ccba,29.5381,-98.485,0,0,1701980405,300
3321cdb4,29.5353,-98.4778,0,24,1701980376,312
33213847,29.528,-98.4799,0,0,1701980394,330
3321c063,29.5395,-98.4832,0,23,1701980382,312
3321c531,29.5288,-98.4715,0,0,1701980406,286
3321cb9d,29.5241,-98.4708,0,2,1701980407,222
3321cc93,29.5293,-98.4719,0,0,1701980408,174
3321ccba,29.5381,-98.485,0,0,1701980405,300
3321cdb4,29.5353,-98.4778,0,24,1701980376,312
33213847,29.528,-98.4799,0,0,1701980394,330
3321c063,29.5395,-98.4832,0,23,1701980382,312
3321c531,29.5288,-98.4715,0,0,1701980406,286
3321cb9d,29.5241,-98.4708,0,2,1701980407,222
3321cc93,29.5293,-98.4719,0,0,1701980408,174
3321ccba,29.5381,-98.485,0,0,1701980405,300
3321cdb4,29.5353,-98.4778,0,24,1701980376,312
33213847,29.528,-98.4799,0,0,1701980394,330
3321c063,29.5395,-98.4832,0,23,1701980382,312
3321c531,29.5288,-98.4715,0,0,1701980406,286
3321cb9d,29.5241,-98.4708,0,2,1701980407,222
3321cc93,29.5293,-98.4719,0,0,1701980408,174
3321ccba,29.5381,-98.485,0,0,1701980405,300
3321cdb4,29.5353,-98.4778,0,24,1701980376,312
33213847,29.528,-98.4799,0,0,1701980394,330
3321c063,29.5395,-98.4832,0,23,1701980382,312
3321c531,29.5288,-98.4715,0,0,1701980406,286
3321cb9d,29.5241,-98.4708,0,2,1701980407,222
3321cc93,29.5293,-98.4719,0,0,1701980408,174
3321ccba,29.5381,-98.485,0,0,1701980405,300
3321cdb4,29.5353,-98.4778,0,24,1701980376,312
33213847,29.528,-98.4799,0,0,1701980394,330
3321c063,29.5395,-98.4832,0,23,1701980382,312
3321c531,29.5288,-98.4715,0,0,1701980411,286
3321cb9d,29.524,-98.4708,0,1,1701980412,210
3321cc93,29.5293,-98.4719,0,0,1701980408,174
3321ccba,29.5381,-98.485,0,0,1701980410,300
3321cdb4,29.5353,-98.4778,0,24,1701980376,312
33213847,29.528,-98.4799,0,0,1701980394,330
3321c063,29.5395,-98.4832,0,23,1701980382,312
3321c531,29.5288,-98.4715,0,0,1701980411,286
3321cb9d,29.524,-98.4708,0,1,1701980412,210
3321cc93,29.5293,-98.4719,0,0,1701980408,174
3321ccba,29.5381,-98.485,0,0,1701980410,300
3321cdb4,29.5353,-98.4778,0,24,1701980376,312
33213847,29.528,-98.4799,0,0,1701980394,330
3321c063,29.5395,-98.4832,0,23,1701980382,312
3321c531,29.5288,-98.4715,0,0,1701980411,286
3321cb9d,29.524,-98.4708,0,1,1701980412,210
3321cc93,29.5293,-98.4719,0,0,1701980408,174
3321ccba,29.5381,-98.485,0,0,1701980410,300
3321cdb4,29.5353,-98.4778,0,24,1701980376,312
33213847,29.528,-98.4799,0,0,1701980394,330
3321c063,29.5395,-98.4832,0,23,1701980382,312
3321c531,29.5288,-98.4715,0,0,1701980416,286
3321cb9d,29.524,-98.4708,0,1,1701980415,205
3321cc93,29.5293,-98.4719,0,0,1701980413,174
3321ccba,29.5381,-98.485,0,0,1701980415,300
3321cdb4,29.5353,-98.4778,0,24,1701980376,312
33213847,29.528,-98.4799,0,0,1701980394,330
3321c063,29.5395,-98.4832,0,23,1701980382,312
3321c531,29.5288,-98.4715,0,0,1701980416,286
3321cb9d,29.524,-98.4708,0,1,1701980415,205
3321cc93,29.5293,-98.4719,0,0,1701980413,174
3321ccba,29.5381,-98.485,0,0,1701980415,300
3321cdb4,29.5353,-98.4778,0,24,1701980376,312
33213847,29.528,-98.4799,0,0,1701980394,330
3321c063,29.5395,-98.4832,0,23,1701980382,312
3321c531,29.5288,-98.4715,0,0,1701980416,286
3321cb9d,29.524,-98.4708,0,1,1701980415,205
3321cc93,29.5293,-98.4719,0,0,1701980413,174
3321ccba,29.5381,-98.485,0,0,1701980415,300
3321cdb4,29.5353,-98.4778,0,24,1701980376,312
33213847,29.528,-98.4799,0,0,1701980394,330
3321c063,29.5395,-98.4832,0,23,1701980382,312
3321c531,29.5288,-98.4715,0,0,1701980416,286
3321cb9d,29.524,-98.4708,0,1,1701980420,196
3321cc93,29.5293,-98.4719,0,0,1701980418,174
3321ccba,29.5381,-98.485,0,0,1701980420,300
3321cdb4,29.5353,-98.4778,0,24,1701980376,312
33213847,29.528,-98.4799,0,0,1701980394,330
3321c063,29.5395,-98.4832,0,23,1701980382,312
3321c531,29.5288,-98.4715,0,0,1701980416,286
3321cb9d,29.524,-98.4708,0,1,1701980420,196
3321cc93,29.5293,-98.4719,0,0,1701980418,174
3321ccba,29.5381,-98.485,0,0,1701980420,300
3321cdb4,29.5353,-98.4778,0,24,1701980376,312
33213847,29.528,-98.4799,0,0,1701980394,330
3321c063,29.5395,-98.4832,0,23,1701980382,312
3321c531,29.5288,-98.4715,0,0,1701980416,286
3321cb9d,29.524,-98.4708,0,1,1701980420,196
3321cc93,29.5293,-98.4719,0,0,1701980418,174
3321ccba,29.5381,-98.485,0,0,1701980420,300
3321cdb4,29.5353,-98.4778,0,24,1701980376,312
33213847,29.528,-98.4799,0,0,1701980394,330
3321c063,29.5395,-98.4832,0,23,1701980382,312
3321c531,29.5288,-98.4715,0,0,1701980421,286
3321cb9d,29.524,-98.4707,0,1,1701980424,188
3321cc93,29.5293,-98.4719,0,0,1701980423,174
3321ccba,29.5381,-98.485,0,0,1701980425,300
3321cdb4,29.5353,-98.4778,0,24,1701980376,312
33213847,29.528,-98.4799,0,0,1701980394,330
3321c063,29.5395,-98.4832,0,23,1701980382,312
3321c531,29.5288,-98.4715,0,0,1701980421,286
3321cb9d,29.524,-98.4707,0,1,1701980424,188
3321cc93,29.5293,-98.4719,0,0,1701980423,174
3321ccba,29.5381,-98.485,0,0,1701980425,300
3321cdb4,29.5353,-98.4778,0,24,1701980376,312
33213847,29.528,-98.4799,0,0,1701980394,330
3321c063,29.5395,-98.4832,0,23,1701980382,312
3321c531,29.5288,-98.4715,0,0,1701980421,286
3321cb9d,29.524,-98.4707,0,1,1701980424,188
3321cc93,29.5293,-98.4719,0,0,1701980423,174
3321ccba,29.5381,-98.485,0,0,1701980425,300
3321cdb4,29.5353,-98.4778,0,24,1701980376,312
33213847,29.528,-98.4799,0,0,1701980394,330
3321c063,29.5395,-98.4832,0,23,1701980382,312
3321c531,29.5288,-98.4715,0,0,1701980426,286
3321cb9d,29.5239,-98.4707,0,1,1701980429,180
3321cc93,29.5293,-98.4719,0,0,1701980428,174
3321ccba,29.5381,-98.485,0,0,1701980426,300
3321cdb4,29.5353,-98.4778,0,24,1701980376,312
33213847,29.528,-98.4799,0,0,1701980394,330
3321c063,29.5395,-98.4832,0,23,1701980382,312
3321c531,29.5288,-98.4715,0,0,1701980426,286
3321cb9d,29.5239,-98.4707,0,1,1701980429,180
3321cc93,29.5293,-98.4719,0,0,1701980428,174
3321ccba,29.5381,-98.485,0,0,1701980426,300
3321cdb4,29.5353,-98.4778,0,24,1701980376,312
33213847,29.528,-98.4799,0,0,1701980394,330
3321c063,29.5395,-98.4832,0,23,1701980382,312
3321c531,29.5288,-98.4715,0,0,1701980426,286
3321cb9d,29.5239,-98.4707,0,1,1701980429,180
3321cc93,29.5293,-98.4719,0,0,1701980428,174
3321ccba,29.5381,-98.485,0,0,1701980426,300
3321cdb4,29.5353,-98.4778,0,24,1701980376,312
33213847,29.528,-98.4799,0,0,1701980394,330
3321c063,29.5395,-98.4832,0,23,1701980382,312
3321c531,29.5288,-98.4715,0,0,1701980426,286
3321cb9d,29.5239,-98.4707,0,1,1701980429,180
3321cc93,29.5293,-98.4719,0,0,1701980428,174
3321ccba,29.5381,-98.485,0,0,1701980426,300
3321cdb4,29.5353,-98.4778,0,24,1701980376,312
33213847,29.528,-98.4799,0,0,1701980394,330
3321c063,29.5395,-98.4832,0,23,1701980382,312
3321c531,29.5288,-98.4715,0,0,1701980431,286
3321cb9d,29.5239,-98.4707,0,1,1701980433,174
3321cc93,29.5293,-98.4719,0,0,1701980432,174
3321ccba,29.5381,-98.485,0,0,1701980431,300
3321cdb4,29.5353,-98.4778,0,24,1701980376,312
33213847,29.528,-98.4799,0,0,1701980394,330
3321c063,29.5395,-98.4832,0,23,1701980382,312
3321c531,29.5288,-98.4715,0,0,1701980431,286
3321cb9d,29.5239,-98.4707,0,1,1701980433,174
3321cc93,29.5293,-98.4719,0,0,1701980432,174
3321ccba,29.5381,-98.485,0,0,1701980431,300
3321cdb4,29.5353,-98.4778,0,24,1701980376,312
33213847,29.528,-98.4799,0,0,1701980394,330
3321c063,29.5395,-98.4832,0,23,1701980382,312
3321c531,29.5288,-98.4715,0,0,1701980431,286
3321cb9d,29.5239,-98.4707,0,1,1701980433,174
3321cc93,29.5293,-98.4719,0,0,1701980432,174
3321ccba,29.5381,-98.485,0,0,1701980431,300
3321cdb4,29.5353,-98.4778,0,24,1701980376,312
33213847,29.528,-98.4799,0,0,1701980394,330
3321c063,29.5395,-98.4832,0,23,1701980382,312
3321c531,29.5288,-98.4715,0,0,1701980431,286
3321cb9d,29.5239,-98.4707,0,1,1701980436,168
3321cc93,29.5293,-98.4719,0,0,1701980432,174
3321ccba,29.5381,-98.485,0,0,1701980436,300
3321cdb4,29.5353,-98.4778,0,24,1701980376,312
33213847,29.528,-98.4799,0,0,1701980394,330
3321c063,29.5395,-98.4832,0,23,1701980382,312
3321c531,29.5288,-98.4715,0,0,1701980431,286
3321cb9d,29.5239,-98.4707,0,1,1701980436,168
3321cc93,29.5293,-98.4719,0,0,1701980432,174
3321ccba,29.5381,-98.485,0,0,1701980436,300
3321cdb4,29.5353,-98.4778,0,24,1701980376,312
33213847,29.528,-98.4799,0,0,1701980394,330
3321c063,29.5395,-98.4832,0,23,1701980382,312
3321c531,29.5288,-98.4715,0,0,1701980431,286
3321cb9d,29.5239,-98.4707,0,1,1701980436,168
3321cc93,29.5293,-98.4719,0,0,1701980432,174
3321ccba,29.5381,-98.485,0,0,1701980436,300
3321cdb4,29.5353,-98.4778,0,24,1701980376,312
33213847,29.528,-98.4799,0,0,1701980394,330
3321c063,29.5395,-98.4832,0,23,1701980382,312
3321c531,29.5288,-98.4715,0,0,1701980431,286
3321cb9d,29.5239,-98.4706,0,1,1701980441,157
3321cc93,29.5292,-98.472,0,0,1701980437,174
3321ccba,29.5381,-98.485,0,0,1701980441,300
3321cdb4,29.5353,-98.4778,0,24,1701980376,312
33213847,29.528,-98.4799,0,0,1701980394,330
3321c063,29.5395,-98.4832,0,23,1701980382,312
3321c531,29.5288,-98.4715,0,0,1701980431,286
3321cb9d,29.5239,-98.4706,0,1,1701980441,157
3321cc93,29.5292,-98.472,0,0,1701980437,174
3321ccba,29.5381,-98.485,0,0,1701980441,300
3321cdb4,29.5353,-98.4778,0,24,1701980376,312
33213847,29.528,-98.4799,0,0,1701980394,330
3321c063,29.5395,-98.4832,0,23,1701980382,312
3321c531,29.5288,-98.4715,0,0,1701980431,286
3321cb9d,29.5239,-98.4706,0,1,1701980441,157
3321cc93,29.5292,-98.472,0,0,1701980437,174
3321ccba,29.5381,-98.485,0,0,1701980441,300
3321cdb4,29.5353,-98.4778,0,24,1701980376,312
33213847,29.528,-98.4799,0,0,1701980394,330
3321c063,29.5395,-98.4832,0,23,1701980382,312
3321c531,29.5288,-98.4715,0,0,1701980441,286
3321cb9d,29.5239,-98.4706,0,1,1701980444,151
3321cc93,29.5292,-98.472,0,0,1701980442,174
3321ccba,29.5381,-98.485,0,0,1701980445,300
3321cdb4,29.5353,-98.4778,0,24,1701980376,312
33213847,29.528,-98.4799,0,0,1701980394,330
3321c063,29.5395,-98.4832,0,23,1701980382,312
3321c531,29.5288,-98.4715,0,0,1701980441,286
3321cb9d,29.5239,-98.4706,0,1,1701980444,151
3321cc93,29.5292,-98.472,0,0,1701980442,174
3321ccba,29.5381,-98.485,0,0,1701980445,300
3321cdb4,29.5353,-98.4778,0,24,1701980376,312
33213847,29.528,-98.4799,0,0,1701980394,330
3321c063,29.5395,-98.4832,0,23,1701980382,312
3321c531,29.5288,-98.4715,0,0,1701980441,286
3321cb9d,29.5239,-98.4706,0,1,1701980444,151
3321cc93,29.5292,-98.472,0,0,1701980442,174
3321ccba,29.5381,-98.485,0,0,1701980445,300
3321cdb4,29.5353,-98.4778,0,24,1701980376,312
33213847,29.528,-98.4799,0,0,1701980394,330
3321c063,29.5395,-98.4832,0,23,1701980382,312
3321c531,29.5288,-98.4715,0,0,1701980447,286
3321cb9d,29.5239,-98.4706,0,1,1701980449,143
3321cc93,29.5292,-98.472,0,0,1701980447,174
3321ccba,29.5381,-98.485,0,0,1701980446,300
3321cdb4,29.5353,-98.4778,0,24,1701980376,312
33213847,29.528,-98.4799,0,0,1701980394,330
3321c063,29.5395,-98.4832,0,23,1701980382,312
3321c531,29.5288,-98.4715,0,0,1701980447,286
3321cb9d,29.5239,-98.4706,0,1,1701980449,143
3321cc93,29.5292,-98.472,0,0,1701980447,174
3321ccba,29.5381,-98.485,0,0,1701980446,300
3321cdb4,29.5353,-98.4778,0,24,1701980376,312
33213847,29.528,-98.4799,0,0,1701980394,330
3321c063,29.5395,-98.4832,0,23,1701980382,312
3321c531,29.5288,-98.4715,0,0,1701980447,286
3321cb9d,29.5239,-98.4706,0,1,1701980449,143
3321cc93,29.5292,-98.472,0,0,1701980447,174
3321ccba,29.5381,-98.485,0,0,1701980446,300
3321cdb4,29.5353,-98.4778,0,24,1701980376,312
33213847,29.528,-98.4799,0,0,1701980394,330
3321c063,29.5395,-98.4832,0,23,1701980382,312
3321c531,29.5288,-98.4715,0,0,1701980447,286
3321cb9d,29.5239,-98.4706,0,1,1701980449,143
3321cc93,29.5292,-98.472,0,0,1701980447,174
3321ccba,29.5381,-98.485,0,0,1701980446,300
3321cdb4,29.5353,-98.4778,0,24,1701980376,312
33213847,29.528,-98.4799,0,0,1701980394,330
3321c063,29.5395,-98.4832,0,23,1701980382,312
3321c531,29.5288,-98.4715,0,0,1701980451,286
3321cb9d,29.5239,-98.4706,0,1,1701980452,140
3321cc93,29.5292,-98.472,0,0,1701980452,174
3321ccba,29.5381,-98.485,0,0,1701980450,300
3321cdb4,29.5353,-98.4778,0,24,1701980376,312
33213847,29.528,-98.4799,0,0,1701980394,330
3321c063,29.5395,-98.4832,0,23,1701980382,312
3321c531,29.5288,-98.4715,0,0,1701980451,286
3321cb9d,29.5239,-98.4706,0,1,1701980452,140
3321cc93,29.5292,-98.472,0,0,1701980452,174
3321ccba,29.5381,-98.485,0,0,1701980450,300
3321cdb4,29.5353,-98.4778,0,24,1701980376,312
33213847,29.528,-98.4799,0,0,1701980394,330
3321c063,29.5395,-98.4832,0,23,1701980382,312
3321c531,29.5288,-98.4715,0,0,1701980451,286
3321cb9d,29.5239,-98.4706,0,1,1701980452,140
3321cc93,29.5292,-98.472,0,0,1701980452,174
3321ccba,29.5381,-98.485,0,0,1701980450,300
3321cdb4,29.5353,-98.4778,0,24,1701980376,312
33213847,29.528,-98.4799,0,0,1701980394,330
3321c063,29.5395,-98.4832,0,23,1701980382,312
3321c531,29.5288,-98.4715,0,0,1701980451,286
3321cb9d,29.5239,-98.4706,0,0,1701980457,137
3321cc93,29.5292,-98.472,0,0,1701980457,174
3321ccba,29.5381,-98.485,0,0,1701980456,300
3321cdb4,29.5353,-98.4778,0,24,1701980376,312
33213847,29.528,-98.4799,0,0,1701980394,330
3321c063,29.5395,-98.4832,0,23,1701980382,312
3321c531,29.5288,-98.4715,0,0,1701980451,286
3321cb9d,29.5239,-98.4706,0,0,1701980457,137
3321cc93,29.5292,-98.472,0,0,1701980457,174
3321ccba,29.5381,-98.485,0,0,1701980456,300
3321cdb4,29.5353,-98.4778,0,24,1701980376,312
33213847,29.528,-98.4799,0,0,1701980394,330
3321c063,29.5395,-98.4832,0,23,1701980382,312
3321c531,29.5288,-98.4715,0,0,1701980451,286
3321cb9d,29.5239,-98.4706,0,0,1701980457,137
3321cc93,29.5292,-98.472,0,0,1701980457,174
3321ccba,29.5381,-98.485,0,0,1701980456,300
3321cdb4,29.5353,-98.4778,0,24,1701980376,312
33213847,29.528,-98.4799,0,0,1701980394,330
3321c063,29.5395,-98.4832,0,23,1701980382,312
3321c531,29.5288,-98.4715,0,0,1701980451,286
3321cb9d,29.5239,-98.4706,0,0,1701980461,137
3321cc93,29.5292,-98.472,0,0,1701980457,174
3321ccba,29.5381,-98.485,0,0,1701980460,300
3321cdb4,29.5353,-98.4778,0,24,1701980376,312
33213847,29.528,-98.4799,0,0,1701980394,330
3321c063,29.5395,-98.4832,0,23,1701980382,312
3321c531,29.5288,-98.4715,0,0,1701980451,286
3321cb9d,29.5239,-98.4706,0,0,1701980461,137
3321cc93,29.5292,-98.472,0,0,1701980457,174
3321ccba,29.5381,-98.485,0,0,1701980460,300
3321cdb4,29.5353,-98.4778,0,24,1701980376,312
33213847,29.528,-98.4799,0,0,1701980394,330
3321c063,29.5395,-98.4832,0,23,1701980382,312
3321c531,29.5288,-98.4715,0,0,1701980451,286
3321cb9d,29.5239,-98.4706,0,0,1701980461,137
3321cc93,29.5292,-98.472,0,0,1701980457,174
3321ccba,29.5381,-98.485,0,0,1701980460,300
3321cdb4,29.5353,-98.4778,0,24,1701980376,312
33213847,29.528,-98.4799,0,0,1701980394,330
3321c063,29.5395,-98.4832,0,23,1701980382,312
3321c531,29.5288,-98.4715,0,0,1701980451,286
3321cb9d,29.5239,-98.4706,0,0,1701980465,137
3321cc93,29.5292,-98.472,0,0,1701980462,174
3321ccba,29.5381,-98.485,0,0,1701980460,300
3321cdb4,29.5353,-98.4778,0,24,1701980376,312
33213847,29.528,-98.4799,0,0,1701980394,330
3321c063,29.5395,-98.4832,0,23,1701980382,312
3321c531,29.5288,-98.4715,0,0,1701980451,286
3321cb9d,29.5239,-98.4706,0,0,1701980465,137
3321cc93,29.5292,-98.472,0,0,1701980462,174
3321ccba,29.5381,-98.485,0,0,1701980460,300
33213847,29.528,-98.4799,0,0,1701980394,330
3321c063,29.5395,-98.4832,0,23,1701980382,312
3321c531,29.5288,-98.4715,0,0,1701980451,286
3321cb9d,29.5239,-98.4706,0,0,1701980465,137
3321cc93,29.5292,-98.472,0,0,1701980462,174
3321ccba,29.5381,-98.485,0,0,1701980460,300
33213847,29.528,-98.4799,0,0,1701980394,330
3321c063,29.5395,-98.4832,0,23,1701980382,312
3321c531,29.5288,-98.4715,0,0,1701980466,286
3321cb9d,29.5239,-98.4706,0,0,1701980468,137
3321cc93,29.5292,-98.472,0,0,1701980467,174
3321ccba,29.5381,-98.485,0,0,1701980466,300
33213847,29.528,-98.4799,0,0,1701980394,330
3321c063,29.5395,-98.4832,0,23,1701980382,312
3321c531,29.5288,-98.4715,0,0,1701980466,286
3321cb9d,29.5239,-98.4706,0,0,1701980468,137
3321cc93,29.5292,-98.472,0,0,1701980467,174
3321ccba,29.5381,-98.485,0,0,1701980466,300
33213847,29.528,-98.4799,0,0,1701980394,330
3321c531,29.5288,-98.4715,0,0,1701980466,286
3321cb9d,29.5239,-98.4706,0,0,1701980468,137
3321cc93,29.5292,-98.472,0,0,1701980467,174
3321ccba,29.5381,-98.485,0,0,1701980466,300
33213847,29.528,-98.4799,0,0,1701980394,330
3321c531,29.5288,-98.4715,0,0,1701980471,286
3321cb9d,29.5239,-98.4706,0,0,1701980472,137
3321cc93,29.5292,-98.472,0,0,1701980472,174
3321ccba,29.5381,-98.485,0,0,1701980470,300
33213847,29.528,-98.4799,0,0,1701980394,330
3321c531,29.5288,-98.4715,0,0,1701980471,286
3321cb9d,29.5239,-98.4706,0,0,1701980472,137
3321cc93,29.5292,-98.472,0,0,1701980472,174
3321ccba,29.5381,-98.485,0,0,1701980470,300
33213847,29.528,-98.4799,0,0,1701980394,330
3321c531,29.5288,-98.4715,0,0,1701980471,286
3321cb9d,29.5239,-98.4706,0,0,1701980472,137
3321cc93,29.5292,-98.472,0,0,1701980472,174
3321ccba,29.5381,-98.485,0,0,1701980470,300
33213847,29.528,-98.4799,0,0,1701980394,330
3321c531,29.5288,-98.4715,0,0,1701980471,286
3321cb9d,29.5239,-98.4706,0,0,1701980472,137
3321cc93,29.5292,-98.472,0,0,1701980472,174
3321ccba,29.5381,-98.485,0,0,1701980470,300
33213847,29.528,-98.4799,0,0,1701980394,330
3321c531,29.5288,-98.4715,0,0,1701980476,286
3321cb9d,29.5239,-98.4706,0,0,1701980476,137
3321cc93,29.5292,-98.472,0,0,1701980472,174
3321ccba,29.5381,-98.485,0,0,1701980475,300
33213847,29.528,-98.4799,0,0,1701980394,330
3321c531,29.5288,-98.4715,0,0,1701980476,286
3321cb9d,29.5239,-98.4706,0,0,1701980476,137
3321cc93,29.5292,-98.472,0,0,1701980472,174
3321ccba,29.5381,-98.485,0,0,1701980475,300
33213847,29.528,-98.4799,0,0,1701980394,330
3321c531,29.5288,-98.4715,0,0,1701980476,286
3321cb9d,29.5239,-98.4706,0,0,1701980476,137
3321cc93,29.5292,-98.472,0,0,1701980472,174
3321ccba,29.5381,-98.485,0,0,1701980475,300
33213847,29.528,-98.4799,0,0,1701980394,330
3321c531,29.5288,-98.4715,0,0,1701980476,286
3321cb9d,29.5239,-98.4706,0,0,1701980479,137
3321cc93,29.5292,-98.472,0,0,1701980477,174
3321ccba,29.5381,-98.485,0,0,1701980480,300
33213847,29.528,-98.4799,0,0,1701980394,330
3321c531,29.5288,-98.4715,0,0,1701980476,286
3321cb9d,29.5239,-98.4706,0,0,1701980479,137
3321cc93,29.5292,-98.472,0,0,1701980477,174
3321ccba,29.5381,-98.485,0,0,1701980480,300
3321c531,29.5288,-98.4715,0,0,1701980476,286
3321cb9d,29.5239,-98.4706,0,0,1701980479,137
3321cc93,29.5292,-98.472,0,0,1701980477,174
3321ccba,29.5381,-98.485,0,0,1701980480,300
3321c531,29.5288,-98.4715,0,0,1701980481,286
3321cb9d,29.5239,-98.4706,0,0,1701980484,137
3321cc93,29.5292,-98.472,0,0,1701980482,174
3321ccba,29.5381,-98.485,0,0,1701980485,300
3321c531,29.5288,-98.4715,0,0,1701980481,286
3321cb9d,29.5239,-98.4706,0,0,1701980484,137
3321cc93,29.5292,-98.472,0,0,1701980482,174
3321ccba,29.5381,-98.485,0,0,1701980485,300
3321c531,29.5288,-98.4715,0,0,1701980486,286
3321cb9d,29.5239,-98.4706,0,0,1701980484,137
3321cc93,29.5292,-98.472,0,0,1701980488,174
3321ccba,29.5381,-98.485,0,0,1701980485,300
3321c531,29.5288,-98.4715,0,0,1701980486,286
3321cb9d,29.5239,-98.4706,0,0,1701980484,137
3321cc93,29.5292,-98.472,0,0,1701980488,174
3321ccba,29.5381,-98.485,0,0,1701980485,300
3321c531,29.5288,-98.4715,0,0,1701980486,286
3321cb9d,29.5239,-98.4706,0,0,1701980484,137
3321cc93,29.5292,-98.472,0,0,1701980488,174
3321ccba,29.5381,-98.485,0,0,1701980485,300
3321c531,29.5288,-98.4715,0,0,1701980491,286
3321cb9d,29.5239,-98.4706,0,0,1701980484,137
3321cc93,29.5292,-98.472,0,0,1701980493,174
3321ccba,29.5381,-98.485,0,0,1701980491,300
3321c531,29.5288,-98.4715,0,0,1701980491,286
3321cb9d,29.5239,-98.4706,0,0,1701980484,137
3321cc93,29.5292,-98.472,0,0,1701980493,174
3321ccba,29.5381,-98.485,0,0,1701980491,300
3321c531,29.5288,-98.4715,0,0,1701980491,286
3321cb9d,29.5239,-98.4706,0,0,1701980484,137
3321cc93,29.5292,-98.472,0,0,1701980493,174
3321ccba,29.5381,-98.485,0,0,1701980491,300
3321c531,29.5288,-98.4715,0,0,1701980491,286
3321cb9d,29.5239,-98.4706,0,0,1701980484,137
3321cc93,29.5292,-98.472,0,0,1701980493,174
3321ccba,29.5381,-98.485,0,0,1701980491,300
3321c531,29.5288,-98.4715,0,0,1701980497,286
3321cb9d,29.5239,-98.4706,0,0,1701980494,137
3321cc93,29.5292,-98.472,0,0,1701980493,174
3321ccba,29.5381,-98.485,0,0,1701980496,300
3321c531,29.5288,-98.4715,0,0,1701980497,286
3321cb9d,29.5239,-98.4706,0,0,1701980494,137
3321cc93,29.5292,-98.472,0,0,1701980493,174
3321ccba,29.5381,-98.485,0,0,1701980496,300
3321c531,29.5288,-98.4715,0,0,1701980497,286
3321cb9d,29.5239,-98.4706,0,0,1701980494,137
3321cc93,29.5292,-98.472,0,0,1701980493,174
3321ccba,29.5381,-98.485,0,0,1701980496,300
3321c531,29.5288,-98.4715,0,0,1701980497,286
3321cb9d,29.5239,-98.4706,0,0,1701980494,137
3321cc93,29.5292,-98.472,0,0,1701980498,174
3321ccba,29.5381,-98.485,0,0,1701980501,300
3321c531,29.5288,-98.4715,0,0,1701980497,286
3321cb9d,29.5239,-98.4706,0,0,1701980494,137
3321cc93,29.5292,-98.472,0,0,1701980498,174
3321ccba,29.5381,-98.485,0,0,1701980501,300
3321c531,29.5288,-98.4715,0,0,1701980497,286
3321cb9d,29.5239,-98.4706,0,0,1701980494,137
3321cc93,29.5292,-98.472,0,0,1701980498,174
3321ccba,29.5381,-98.485,0,0,1701980501,300
3321c531,29.5288,-98.4715,0,0,1701980501,286
3321cb9d,29.5239,-98.4706,0,0,1701980504,137
3321cc93,29.5292,-98.472,0,0,1701980503,174
3321ccba,29.5381,-98.485,0,0,1701980505,300
3321c531,29.5288,-98.4715,0,0,1701980501,286
3321cb9d,29.5239,-98.4706,0,0,1701980504,137
3321cc93,29.5292,-98.472,0,0,1701980503,174
3321ccba,29.5381,-98.485,0,0,1701980505,300
3321c531,29.5288,-98.4715,0,0,1701980501,286
3321cb9d,29.5239,-98.4706,0,0,1701980504,137
3321cc93,29.5292,-98.472,0,0,1701980503,174
3321ccba,29.5381,-98.485,0,0,1701980505,300
3321c531,29.5288,-98.4715,0,0,1701980506,286
3321cb9d,29.5239,-98.4706,0,0,1701980504,137
3321cc93,29.5292,-98.472,0,0,1701980508,174
3321ccba,29.5381,-98.485,0,0,1701980506,300
3321c531,29.5288,-98.4715,0,0,1701980506,286
3321cb9d,29.5239,-98.4706,0,0,1701980504,137
3321cc93,29.5292,-98.472,0,0,1701980508,174
3321ccba,29.5381,-98.485,0,0,1701980506,300
3321c531,29.5288,-98.4715,0,0,1701980506,286
3321cb9d,29.5239,-98.4706,0,0,1701980504,137
3321cc93,29.5292,-98.472,0,0,1701980508,174
3321ccba,29.5381,-98.485,0,0,1701980506,300
3321c531,29.5288,-98.4715,0,0,1701980511,286
3321cb9d,29.5239,-98.4706,0,0,1701980504,137
3321cc93,29.5292,-98.472,0,0,1701980513,174
3321ccba,29.5381,-98.485,0,0,1701980511,300
3321d291,29.5285,-98.4733,0,0,1701980509,157
3321c531,29.5288,-98.4715,0,0,1701980511,286
3321cb9d,29.5239,-98.4706,0,0,1701980504,137
3321cc93,29.5292,-98.472,0,0,1701980513,174
3321ccba,29.5381,-98.485,0,0,1701980511,300
3321d291,29.5285,-98.4733,0,0,1701980509,157
3321c531,29.5288,-98.4715,0,0,1701980511,286
3321cb9d,29.5239,-98.4706,0,0,1701980504,137
3321cc93,29.5292,-98.472,0,0,1701980513,174
3321ccba,29.5381,-98.485,0,0,1701980511,300
3321d291,29.5285,-98.4733,0,0,1701980509,157
3321c531,29.5288,-98.4715,0,0,1701980511,286
3321cb9d,29.5239,-98.4706,0,0,1701980504,137
3321cc93,29.5292,-98.472,0,0,1701980513,174
3321ccba,29.5381,-98.485,0,0,1701980511,300
3321d291,29.5285,-98.4733,0,0,1701980509,157
3321c531,29.5288,-98.4715,0,0,1701980516,286
3321cb9d,29.5239,-98.4706,0,0,1701980514,137
3321cc93,29.5292,-98.472,0,0,1701980513,174
3321ccba,29.5381,-98.485,0,0,1701980515,300
3321d291,29.5285,-98.4733,0,0,1701980509,157
3321c531,29.5288,-98.4715,0,0,1701980516,286
3321cb9d,29.5239,-98.4706,0,0,1701980514,137
3321cc93,29.5292,-98.472,0,0,1701980513,174
3321ccba,29.5381,-98.485,0,0,1701980515,300
3321d291,29.5285,-98.4733,0,0,1701980509,157
3321c531,29.5288,-98.4715,0,0,1701980516,286
3321cb9d,29.5239,-98.4706,0,0,1701980514,137
3321cc93,29.5292,-98.472,0,0,1701980513,174
3321ccba,29.5381,-98.485,0,0,1701980515,300
3321d291,29.5285,-98.4733,0,0,1701980509,157
3321c531,29.5288,-98.4715,0,0,1701980521,286
3321cb9d,29.5239,-98.4706,0,0,1701980519,137
3321cc93,29.5292,-98.472,0,0,1701980518,174
3321ccba,29.5381,-98.485,0,0,1701980520,300
3321d291,29.5285,-98.4733,0,0,1701980509,157
3321c531,29.5288,-98.4715,0,0,1701980521,286
3321cb9d,29.5239,-98.4706,0,0,1701980519,137
3321cc93,29.5292,-98.472,0,0,1701980518,174
3321ccba,29.5381,-98.485,0,0,1701980520,300
3321d291,29.5285,-98.4733,0,0,1701980509,157
3321c531,29.5288,-98.4715,0,0,1701980521,286
3321cb9d,29.5239,-98.4706,0,0,1701980519,137
3321cc93,29.5292,-98.472,0,0,1701980518,174
3321ccba,29.5381,-98.485,0,0,1701980520,300
3321d291,29.5285,-98.4733,0,0,1701980509,157
3321c063,29.5419,-98.486,0,0,1701980525,354
3321c531,29.5288,-98.4715,0,0,1701980521,286
3321cb9d,29.5239,-98.4706,0,0,1701980524,137
3321cc93,29.5292,-98.472,0,0,1701980523,174
3321ccba,29.5381,-98.485,0,0,1701980525,300
3321d291,29.5285,-98.4733,0,0,1701980524,157
3321c063,29.5419,-98.486,0,0,1701980525,354
3321c531,29.5288,-98.4715,0,0,1701980521,286
3321cb9d,29.5239,-98.4706,0,0,1701980524,137
3321cc93,29.5292,-98.472,0,0,1701980523,174
3321ccba,29.5381,-98.485,0,0,1701980525,300
3321d291,29.5285,-98.4733,0,0,1701980524,157
3321c063,29.5419,-98.486,0,0,1701980525,354
3321c531,29.5288,-98.4715,0,0,1701980521,286
3321cb9d,29.5239,-98.4706,0,0,1701980524,137
3321cc93,29.5292,-98.472,0,0,1701980523,174
3321ccba,29.5381,-98.485,0,0,1701980525,300
3321d291,29.5285,-98.4733,0,0,1701980524,157
3321c063,29.5419,-98.486,0,0,1701980525,354
3321c531,29.5288,-98.4715,0,0,1701980526,286
3321cb9d,29.5239,-98.4706,0,0,1701980524,137
3321cc93,29.5292,-98.472,0,0,1701980528,174
3321ccba,29.5381,-98.485,0,0,1701980525,300
3321d291,29.5285,-98.4733,0,0,1701980529,157
3321c063,29.5419,-98.486,0,0,1701980525,354
3321c531,29.5288,-98.4715,0,0,1701980526,286
3321cb9d,29.5239,-98.4706,0,0,1701980524,137
3321cc93,29.5292,-98.472,0,0,1701980528,174
3321ccba,29.5381,-98.485,0,0,1701980525,300
3321d291,29.5285,-98.4733,0,0,1701980529,157
3321c063,29.5419,-98.486,0,0,1701980525,354
3321c531,29.5288,-98.4715,0,0,1701980526,286
3321cb9d,29.5239,-98.4706,0,0,1701980524,137
3321cc93,29.5292,-98.472,0,0,1701980528,174
3321ccba,29.5381,-98.485,0,0,1701980525,300
3321d291,29.5285,-98.4733,0,0,1701980529,157
3321c063,29.5419,-98.486,0,0,1701980525,354
3321c531,29.5288,-98.4715,0,0,1701980531,286
3321cb9d,29.5239,-98.4706,0,0,1701980524,137
3321cc93,29.5292,-98.472,0,0,1701980533,174
3321ccba,29.5381,-98.485,0,0,1701980530,300
3321d291,29.5285,-98.4733,0,0,1701980529,157
3321c063,29.5419,-98.486,0,0,1701980525,354
3321c531,29.5288,-98.4715,0,0,1701980531,286
3321cb9d,29.5239,-98.4706,0,0,1701980524,137
3321cc93,29.5292,-98.472,0,0,1701980533,174
3321ccba,29.5381,-98.485,0,0,1701980530,300
3321d291,29.5285,-98.4733,0,0,1701980529,157
3321c063,29.5419,-98.486,0,0,1701980525,354
3321c531,29.5288,-98.4715,0,0,1701980531,286
3321cb9d,29.5239,-98.4706,0,0,1701980524,137
3321cc93,29.5292,-98.472,0,0,1701980533,174
3321ccba,29.5381,-98.485,0,0,1701980530,300
3321d291,29.5285,-98.4733,0,0,1701980529,157
3321c063,29.5419,-98.486,0,0,1701980525,354
3321c531,29.5288,-98.4715,0,0,1701980531,286
3321cb9d,29.5239,-98.4706,0,0,1701980524,137
3321cc93,29.5292,-98.472,0,0,1701980533,174
3321ccba,29.5381,-98.485,0,0,1701980530,300
3321d291,29.5285,-98.4733,0,0,1701980529,157
3321c063,29.5419,-98.486,0,0,1701980525,354
3321c531,29.5288,-98.4715,0,0,1701980536,286
3321cb9d,29.5239,-98.4706,0,0,1701980524,137
3321cc93,29.5292,-98.472,0,0,1701980533,174
3321ccba,29.5381,-98.485,0,0,1701980535,300
3321d291,29.5285,-98.4733,0,0,1701980534,154
3321c063,29.5419,-98.486,0,0,1701980525,354
3321c531,29.5288,-98.4715,0,0,1701980536,286
3321cb9d,29.5239,-98.4706,0,0,1701980524,137
3321cc93,29.5292,-98.472,0,0,1701980533,174
3321ccba,29.5381,-98.485,0,0,1701980535,300
3321d291,29.5285,-98.4733,0,0,1701980534,154
3321c063,29.5419,-98.486,0,0,1701980525,354
3321c531,29.5288,-98.4715,0,0,1701980536,286
3321cb9d,29.5239,-98.4706,0,0,1701980524,137
3321cc93,29.5292,-98.472,0,0,1701980533,174
3321ccba,29.5381,-98.485,0,0,1701980535,300
3321d291,29.5285,-98.4733,0,0,1701980534,154
3321c063,29.5419,-98.486,0,0,1701980525,354
3321c531,29.5288,-98.4715,0,0,1701980536,286
3321cb9d,29.5239,-98.4706,0,0,1701980539,137
3321cc93,29.5292,-98.472,0,0,1701980538,174
3321ccba,29.5381,-98.485,0,0,1701980540,300
3321d291,29.5286,-98.4734,0,3,1701980540,157
3321c063,29.5419,-98.486,0,0,1701980525,354
3321c531,29.5288,-98.4715,0,0,1701980536,286
3321cb9d,29.5239,-98.4706,0,0,1701980539,137
3321cc93,29.5292,-98.472,0,0,1701980538,174
3321ccba,29.5381,-98.485,0,0,1701980540,300
3321d291,29.5286,-98.4734,0,3,1701980540,157
3321c063,29.5419,-98.486,0,0,1701980525,354
3321c531,29.5288,-98.4715,0,0,1701980536,286
3321cb9d,29.5239,-98.4706,0,0,1701980539,137
3321cc93,29.5292,-98.472,0,0,1701980538,174
3321ccba,29.5381,-98.485,0,0,1701980540,300
3321d291,29.5286,-98.4734,0,3,1701980540,157
3321c063,29.5419,-98.486,0,0,1701980525,354
3321c531,29.5288,-98.4715,0,0,1701980541,286
3321cb9d,29.5239,-98.4706,0,0,1701980544,137
3321cc93,29.5292,-98.472,0,0,1701980538,174
3321ccba,29.5381,-98.485,0,0,1701980540,300
3321d291,29.5287,-98.4734,0,4,1701980544,157
3321c063,29.5419,-98.486,0,0,1701980525,354
3321c531,29.5288,-98.4715,0,0,1701980541,286
3321cb9d,29.5239,-98.4706,0,0,1701980544,137
3321cc93,29.5292,-98.472,0,0,1701980538,174
3321ccba,29.5381,-98.485,0,0,1701980540,300
3321d291,29.5287,-98.4734,0,4,1701980544,157
3321c063,29.5419,-98.486,0,0,1701980525,354
3321c531,29.5288,-98.4715,0,0,1701980541,286
3321cb9d,29.5239,-98.4706,0,0,1701980544,137
3321cc93,29.5292,-98.472,0,0,1701980538,174
3321ccba,29.5381,-98.485,0,0,1701980540,300
3321d291,29.5287,-98.4734,0,4,1701980544,157
3321c063,29.5419,-98.486,0,0,1701980525,354
3321c531,29.5288,-98.4715,0,0,1701980546,286
3321cb9d,29.5239,-98.4706,0,0,1701980544,137
3321cc93,29.5292,-98.472,0,0,1701980548,174
3321ccba,29.5381,-98.485,0,0,1701980545,300
3321d291,29.5288,-98.4734,0,3,1701980549,163
3321c063,29.5419,-98.486,0,0,1701980525,354
3321c531,29.5288,-98.4715,0,0,1701980546,286
3321cb9d,29.5239,-98.4706,0,0,1701980544,137
3321cc93,29.5292,-98.472,0,0,1701980548,174
3321ccba,29.5381,-98.485,0,0,1701980545,300
3321d291,29.5288,-98.4734,0,3,1701980549,163
3321c063,29.5419,-98.486,0,0,1701980525,354
3321c531,29.5288,-98.4715,0,0,1701980546,286
3321cb9d,29.5239,-98.4706,0,0,1701980544,137
3321cc93,29.5292,-98.472,0,0,1701980548,174
3321ccba,29.5381,-98.485,0,0,1701980545,300
3321d291,29.5288,-98.4734,0,3,1701980549,163
3321c063,29.5419,-98.486,0,0,1701980525,354
3321c531,29.5288,-98.4715,0,0,1701980551,286
3321cb9d,29.5239,-98.4706,0,0,1701980549,137
3321cc93,29.5292,-98.472,0,0,1701980552,174
3321ccba,29.5381,-98.485,0,0,1701980550,300
3321d291,29.5288,-98.4734,0,3,1701980552,163
3321c063,29.5419,-98.486,0,0,1701980525,354
3321c531,29.5288,-98.4715,0,0,1701980551,286
3321cb9d,29.5239,-98.4706,0,0,1701980549,137
3321cc93,29.5292,-98.472,0,0,1701980552,174
3321ccba,29.5381,-98.485,0,0,1701980550,300
3321d291,29.5288,-98.4734,0,3,1701980552,163
3321c063,29.5419,-98.486,0,0,1701980525,354
3321c531,29.5288,-98.4715,0,0,1701980551,286
3321cb9d,29.5239,-98.4706,0,0,1701980549,137
3321cc93,29.5292,-98.472,0,0,1701980552,174
3321ccba,29.5381,-98.485,0,0,1701980550,300
3321d291,29.5288,-98.4734,0,3,1701980552,163
3321c063,29.5419,-98.486,0,0,1701980525,354
3321c531,29.5288,-98.4715,0,0,1701980556,286
3321cb9d,29.5239,-98.4706,0,0,1701980554,137
3321cc93,29.5292,-98.472,0,0,1701980552,174
3321ccba,29.5381,-98.485,0,0,1701980555,300
3321d291,29.5289,-98.4735,0,3,1701980556,165
3321c063,29.5419,-98.486,0,0,1701980525,354
3321c531,29.5288,-98.4715,0,0,1701980556,286
3321cb9d,29.5239,-98.4706,0,0,1701980554,137
3321cc93,29.5292,-98.472,0,0,1701980552,174
3321ccba,29.5381,-98.485,0,0,1701980555,300
3321d291,29.5289,-98.4735,0,3,1701980556,165
3321c063,29.5419,-98.486,0,0,1701980525,354
3321c531,29.5288,-98.4715,0,0,1701980556,286
3321cb9d,29.5239,-98.4706,0,0,1701980554,137
3321cc93,29.5292,-98.472,0,0,1701980552,174
3321ccba,29.5381,-98.485,0,0,1701980555,300
3321d291,29.5289,-98.4735,0,3,1701980556,165
3321c063,29.5419,-98.486,0,0,1701980525,354
3321c531,29.5288,-98.4715,0,0,1701980556,286
3321cb9d,29.5239,-98.4706,0,0,1701980554,137
3321cc93,29.5292,-98.472,0,0,1701980552,174
3321ccba,29.5381,-98.485,0,0,1701980555,300
3321d291,29.5289,-98.4735,0,3,1701980556,165
3321c063,29.5419,-98.486,0,0,1701980525,354
3321c531,29.5288,-98.4715,0,0,1701980556,286
3321cb9d,29.5239,-98.4706,0,0,1701980559,137
3321cc93,29.5292,-98.472,0,0,1701980558,174
3321ccba,29.5381,-98.485,0,0,1701980560,300
3321d291,29.529,-98.4735,0,3,1701980561,165
3321c063,29.5419,-98.486,0,0,1701980525,354
3321c531,29.5288,-98.4715,0,0,1701980556,286
3321cb9d,29.5239,-98.4706,0,0,1701980559,137
3321cc93,29.5292,-98.472,0,0,1701980558,174
3321ccba,29.5381,-98.485,0,0,1701980560,300
3321d291,29.529,-98.4735,0,3,1701980561,165
3321c063,29.5419,-98.486,0,0,1701980525,354
3321c531,29.5288,-98.4715,0,0,1701980556,286
3321cb9d,29.5239,-98.4706,0,0,1701980559,137
3321cc93,29.5292,-98.472,0,0,1701980558,174
3321ccba,29.5381,-98.485,0,0,1701980560,300
3321d291,29.529,-98.4735,0,3,1701980561,165
3321c063,29.5419,-98.486,0,0,1701980525,354
3321c531,29.5288,-98.4715,0,0,1701980561,286
3321cb9d,29.5239,-98.4706,0,0,1701980564,137
3321cc93,29.5292,-98.472,0,0,1701980563,174
3321ccba,29.5381,-98.485,0,0,1701980565,300
3321d291,29.529,-98.4735,0,3,1701980564,157
3321c063,29.5419,-98.486,0,0,1701980525,354
3321c531,29.5288,-98.4715,0,0,1701980561,286
3321cb9d,29.5239,-98.4706,0,0,1701980564,137
3321cc93,29.5292,-98.472,0,0,1701980563,174
3321ccba,29.5381,-98.485,0,0,1701980565,300
3321d291,29.529,-98.4735,0,3,1701980564,157
3321c063,29.5419,-98.486,0,0,1701980525,354
3321c531,29.5288,-98.4715,0,0,1701980561,286
3321cb9d,29.5239,-98.4706,0,0,1701980564,137
3321cc93,29.5292,-98.472,0,0,1701980563,174
3321ccba,29.5381,-98.485,0,0,1701980565,300
3321d291,29.529,-98.4735,0,3,1701980564,157
3321c063,29.5419,-98.486,0,0,1701980525,354
3321c531,29.5288,-98.4715,0,0,1701980566,286
3321cb9d,29.5239,-98.4706,0,0,1701980564,137
3321cc93,29.5292,-98.472,0,0,1701980568,174
3321ccba,29.5381,-98.485,0,0,1701980565,300
3321d291,29.5291,-98.4735,0,3,1701980568,146
3321c063,29.5419,-98.486,0,0,1701980525,354
3321c531,29.5288,-98.4715,0,0,1701980566,286
3321cb9d,29.5239,-98.4706,0,0,1701980564,137
3321cc93,29.5292,-98.472,0,0,1701980568,174
3321ccba,29.5381,-98.485,0,0,1701980565,300
3321d291,29.5291,-98.4735,0,3,1701980568,146
3321c063,29.5419,-98.486,0,0,1701980525,354
3321c531,29.5288,-98.4715,0,0,1701980566,286
3321cb9d,29.5239,-98.4706,0,0,1701980564,137
3321cc93,29.5292,-98.472,0,0,1701980568,174
3321ccba,29.5381,-98.485,0,0,1701980565,300
3321d291,29.5291,-98.4735,0,3,1701980568,146
3321c063,29.5419,-98.486,0,0,1701980525,354
3321c531,29.5288,-98.4715,0,0,1701980572,286
3321cb9d,29.5239,-98.4706,0,0,1701980569,137
3321cc93,29.5292,-98.472,0,0,1701980568,174
3321ccba,29.5381,-98.485,0,0,1701980571,300
3321d291,29.5291,-98.4735,0,3,1701980572,135
3321c063,29.5419,-98.486,0,0,1701980525,354
3321c531,29.5288,-98.4715,0,0,1701980572,286
3321cb9d,29.5239,-98.4706,0,0,1701980569,137
3321cc93,29.5292,-98.472,0,0,1701980568,174
3321ccba,29.5381,-98.485,0,0,1701980571,300
3321d291,29.5291,-98.4735,0,3,1701980572,135
3321c063,29.5419,-98.486,0,0,1701980525,354
3321c531,29.5288,-98.4715,0,0,1701980572,286
3321cb9d,29.5239,-98.4706,0,0,1701980569,137
3321cc93,29.5292,-98.472,0,0,1701980568,174
3321ccba,29.5381,-98.485,0,0,1701980571,300
3321d291,29.5291,-98.4735,0,3,1701980572,135
3321c063,29.5419,-98.486,0,0,1701980525,354
3321c531,29.5288,-98.4715,0,0,1701980577,286
3321cb9d,29.5239,-98.4706,0,0,1701980569,137
3321cc93,29.5292,-98.472,0,0,1701980568,174
3321ccba,29.5381,-98.485,0,0,1701980571,300
3321d291,29.5292,-98.4736,0,2,1701980577,123
3321c063,29.5419,-98.486,0,0,1701980525,354
3321c531,29.5288,-98.4715,0,0,1701980577,286
3321cb9d,29.5239,-98.4706,0,0,1701980569,137
3321cc93,29.5292,-98.472,0,0,1701980568,174
3321ccba,29.5381,-98.485,0,0,1701980571,300
3321d291,29.5292,-98.4736,0,2,1701980577,123
3321c063,29.5419,-98.486,0,0,1701980525,354
3321c531,29.5288,-98.4715,0,0,1701980577,286
3321cb9d,29.5239,-98.4706,0,0,1701980569,137
3321cc93,29.5292,-98.472,0,0,1701980568,174
3321ccba,29.5381,-98.485,0,0,1701980571,300
3321d291,29.5292,-98.4736,0,2,1701980577,123
3321c063,29.5419,-98.486,0,0,1701980525,354
3321c531,29.5288,-98.4715,0,0,1701980577,286
3321cb9d,29.5239,-98.4706,0,0,1701980579,137
3321cc93,29.5292,-98.472,0,0,1701980578,174
3321ccba,29.5381,-98.485,0,0,1701980580,300
3321d291,29.5292,-98.4736,0,2,1701980581,120
3321c063,29.5419,-98.486,0,0,1701980525,354
3321c531,29.5288,-98.4715,0,0,1701980577,286
3321cb9d,29.5239,-98.4706,0,0,1701980579,137
3321cc93,29.5292,-98.472,0,0,1701980578,174
3321ccba,29.5381,-98.485,0,0,1701980580,300
3321d291,29.5292,-98.4736,0,2,1701980581,120
3321c063,29.5419,-98.486,0,0,1701980525,354
3321c531,29.5288,-98.4715,0,0,1701980577,286
3321cb9d,29.5239,-98.4706,0,0,1701980579,137
3321cc93,29.5292,-98.472,0,0,1701980578,174
3321ccba,29.5381,-98.485,0,0,1701980580,300
3321d291,29.5292,-98.4736,0,2,1701980581,120
3321c063,29.5419,-98.486,0,0,1701980525,354
3321c531,29.5288,-98.4715,0,0,1701980577,286
3321cb9d,29.5239,-98.4706,0,0,1701980579,137
3321cc93,29.5292,-98.472,0,0,1701980578,174
3321ccba,29.5381,-98.485,0,0,1701980580,300
3321d291,29.5292,-98.4736,0,2,1701980581,120
3321c063,29.5419,-98.486,0,0,1701980525,354
3321c531,29.5288,-98.4715,0,0,1701980582,286
3321cb9d,29.5239,-98.4706,0,0,1701980584,137
3321cc93,29.5292,-98.472,0,0,1701980583,174
3321ccba,29.5381,-98.485,0,0,1701980585,300
3321d291,29.5292,-98.4737,0,1,1701980585,120
3321c063,29.5419,-98.486,0,0,1701980525,354
3321c531,29.5288,-98.4715,0,0,1701980582,286
3321cb9d,29.5239,-98.4706,0,0,1701980584,137
3321cc93,29.5292,-98.472,0,0,1701980583,174
3321ccba,29.5381,-98.485,0,0,1701980585,300
3321d291,29.5292,-98.4737,0,1,1701980585,120
3321c063,29.5419,-98.486,0,0,1701980525,354
3321c531,29.5288,-98.4715,0,0,1701980582,286
3321cb9d,29.5239,-98.4706,0,0,1701980584,137
3321cc93,29.5292,-98.472,0,0,1701980583,174
3321ccba,29.5381,-98.485,0,0,1701980585,300
3321d291,29.5292,-98.4737,0,1,1701980585,120
3321c063,29.5419,-98.486,0,0,1701980525,354
3321c531,29.5288,-98.4715,0,0,1701980587,286
3321cb9d,29.5239,-98.4706,0,0,1701980584,137
3321cc93,29.5292,-98.472,0,0,1701980587,174
3321ccba,29.5381,-98.485,0,0,1701980585,300
3321d291,29.5292,-98.4737,0,1,1701980588,120
3321c063,29.5419,-98.486,0,0,1701980525,354
3321c531,29.5288,-98.4715,0,0,1701980587,286
3321cb9d,29.5239,-98.4706,0,0,1701980584,137
3321cc93,29.5292,-98.472,0,0,1701980587,174
3321ccba,29.5381,-98.485,0,0,1701980585,300
3321d291,29.5292,-98.4737,0,1,1701980588,120
3321c063,29.5419,-98.486,0,0,1701980525,354
3321c531,29.5288,-98.4715,0,0,1701980587,286
3321cb9d,29.5239,-98.4706,0,0,1701980584,137
3321cc93,29.5292,-98.472,0,0,1701980587,174
3321ccba,29.5381,-98.485,0,0,1701980585,300
3321d291,29.5292,-98.4737,0,1,1701980588,120
3321c063,29.5419,-98.486,0,0,1701980525,354
3321c531,29.5288,-98.4715,0,0,1701980592,286
3321cb9d,29.5239,-98.4706,0,0,1701980584,137
3321cc93,29.5292,-98.472,0,0,1701980592,174
3321ccba,29.5381,-98.485,0,0,1701980590,300
3321d291,29.5292,-98.4737,0,1,1701980592,120
3321c063,29.5419,-98.486,0,0,1701980525,354
3321c531,29.5288,-98.4715,0,0,1701980592,286
3321cb9d,29.5239,-98.4706,0,0,1701980584,137
3321cc93,29.5292,-98.472,0,0,1701980592,174
3321ccba,29.5381,-98.485,0,0,1701980590,300
3321d291,29.5292,-98.4737,0,1,1701980592,120
3321c063,29.5419,-98.486,0,0,1701980525,354
3321c531,29.5288,-98.4715,0,0,1701980592,286
3321cb9d,29.5239,-98.4706,0,0,1701980584,137
3321cc93,29.5292,-98.472,0,0,1701980592,174
3321ccba,29.5381,-98.485,0,0,1701980590,300
3321d291,29.5292,-98.4737,0,1,1701980592,120
3321c063,29.5419,-98.486,0,0,1701980525,354
3321c531,29.5288,-98.4715,0,0,1701980597,286
3321cb9d,29.5239,-98.4706,0,0,1701980594,137
3321cc93,29.5292,-98.472,0,0,1701980597,174
3321ccba,29.5381,-98.485,0,0,1701980595,300
3321d291,29.5292,-98.4737,0,0,1701980597,120
3321c063,29.5419,-98.486,0,0,1701980525,354
3321c531,29.5288,-98.4715,0,0,1701980597,286
3321cb9d,29.5239,-98.4706,0,0,1701980594,137
3321cc93,29.5292,-98.472,0,0,1701980597,174
3321ccba,29.5381,-98.485,0,0,1701980595,300
3321d291,29.5292,-98.4737,0,0,1701980597,120
3321c063,29.5419,-98.486,0,0,1701980525,354
3321c531,29.5288,-98.4715,0,0,1701980597,286
3321cb9d,29.5239,-98.4706,0,0,1701980594,137
3321cc93,29.5292,-98.472,0,0,1701980597,174
3321ccba,29.5381,-98.485,0,0,1701980595,300
3321d291,29.5292,-98.4737,0,0,1701980597,120
3321c063,29.5419,-98.486,0,0,1701980525,354
3321c531,29.5288,-98.4715,0,0,1701980597,286
3321cb9d,29.5239,-98.4706,0,0,1701980594,137
3321cc93,29.5292,-98.472,0,0,1701980597,174
3321ccba,29.5381,-98.485,0,0,1701980600,300
3321d291,29.5292,-98.4737,0,0,1701980601,120
3321c063,29.5419,-98.486,0,0,1701980525,354
3321c531,29.5288,-98.4715,0,0,1701980597,286
3321cb9d,29.5239,-98.4706,0,0,1701980594,137
3321cc93,29.5292,-98.472,0,0,1701980597,174
3321ccba,29.5381,-98.485,0,0,1701980600,300
3321d291,29.5292,-98.4737,0,0,1701980601,120
3321c063,29.5419,-98.486,0,0,1701980525,354
3321c531,29.5288,-98.4715,0,0,1701980597,286
3321cb9d,29.5239,-98.4706,0,0,1701980594,137
3321cc93,29.5292,-98.472,0,0,1701980597,174
3321ccba,29.5381,-98.485,0,0,1701980600,300
3321d291,29.5292,-98.4737,0,0,1701980601,120
3321c063,29.5419,-98.486,0,0,1701980525,354
3321c531,29.5288,-98.4715,0,0,1701980597,286
3321cb9d,29.5239,-98.4706,0,0,1701980594,137
3321cc93,29.5292,-98.472,0,0,1701980597,174
3321ccba,29.5381,-98.485,0,0,1701980600,300
3321d291,29.5292,-98.4737,0,0,1701980601,120
3321c063,29.5419,-98.486,0,0,1701980525,354
3321c531,29.5288,-98.4715,0,0,1701980602,286
3321cb9d,29.5239,-98.4706,0,0,1701980594,137
3321cc93,29.5292,-98.472,0,0,1701980602,174
3321ccba,29.5381,-98.485,0,0,1701980605,300
3321d291,29.5292,-98.4737,0,0,1701980604,120
3321c063,29.5419,-98.486,0,0,1701980525,354
3321c531,29.5288,-98.4715,0,0,1701980602,286
3321cb9d,29.5239,-98.4706,0,0,1701980594,137
3321cc93,29.5292,-98.472,0,0,1701980602,174
3321ccba,29.5381,-98.485,0,0,1701980605,300
3321d291,29.5292,-98.4737,0,0,1701980604,120
3321c063,29.5419,-98.486,0,0,1701980525,354
3321c531,29.5288,-98.4715,0,0,1701980602,286
3321cb9d,29.5239,-98.4706,0,0,1701980594,137
3321cc93,29.5292,-98.472,0,0,1701980602,174
3321ccba,29.5381,-98.485,0,0,1701980605,300
3321d291,29.5292,-98.4737,0,0,1701980604,120
3321c063,29.5419,-98.486,0,0,1701980525,354
3321c531,29.5288,-98.4715,0,0,1701980607,286
3321cb9d,29.5239,-98.4706,0,0,1701980594,137
3321cc93,29.5292,-98.472,0,0,1701980607,174
3321ccba,29.5381,-98.485,0,0,1701980605,300
3321d291,29.5292,-98.4737,0,0,1701980608,120
3321c063,29.5419,-98.486,0,0,1701980525,354
3321c531,29.5288,-98.4715,0,0,1701980607,286
3321cb9d,29.5239,-98.4706,0,0,1701980594,137
3321cc93,29.5292,-98.472,0,0,1701980607,174
3321ccba,29.5381,-98.485,0,0,1701980605,300
3321d291,29.5292,-98.4737,0,0,1701980608,120
3321c063,29.5419,-98.486,0,0,1701980525,354
3321c531,29.5288,-98.4715,0,0,1701980607,286
3321cb9d,29.5239,-98.4706,0,0,1701980594,137
3321cc93,29.5292,-98.472,0,0,1701980607,174
3321ccba,29.5381,-98.485,0,0,1701980605,300
3321d291,29.5292,-98.4737,0,0,1701980608,120
3321c063,29.5419,-98.486,0,0,1701980525,354
3321c531,29.5288,-98.4715,0,0,1701980612,286
3321cb9d,29.5239,-98.4706,0,0,1701980609,137
3321cc93,29.5292,-98.472,0,0,1701980612,174
3321ccba,29.5381,-98.485,0,0,1701980610,300
3321d291,29.5292,-98.4737,0,0,1701980612,120
3321c531,29.5288,-98.4715,0,0,1701980612,286
3321cb9d,29.5239,-98.4706,0,0,1701980609,137
3321cc93,29.5292,-98.472,0,0,1701980612,174
3321ccba,29.5381,-98.485,0,0,1701980610,300
3321d291,29.5292,-98.4737,0,0,1701980612,120
3321c531,29.5288,-98.4715,0,0,1701980612,286
3321cb9d,29.5239,-98.4706,0,0,1701980609,137
3321cc93,29.5292,-98.472,0,0,1701980612,174
3321ccba,29.5381,-98.485,0,0,1701980610,300
3321d291,29.5292,-98.4737,0,0,1701980612,120
3321c531,29.5288,-98.4715,0,0,1701980612,286
3321cb9d,29.5239,-98.4706,0,0,1701980609,137
3321cc93,29.5292,-98.472,0,0,1701980612,174
3321ccba,29.5381,-98.485,0,0,1701980615,300
3321d291,29.5292,-98.4737,0,0,1701980615,120
3321c531,29.5288,-98.4715,0,0,1701980612,286
3321cb9d,29.5239,-98.4706,0,0,1701980609,137
3321cc93,29.5292,-98.472,0,0,1701980612,174
3321ccba,29.5381,-98.485,0,0,1701980615,300
3321d291,29.5292,-98.4737,0,0,1701980615,120
3321c531,29.5288,-98.4715,0,0,1701980612,286
3321cb9d,29.5239,-98.4706,0,0,1701980609,137
3321cc93,29.5292,-98.472,0,0,1701980612,174
3321ccba,29.5381,-98.485,0,0,1701980615,300
3321d291,29.5292,-98.4737,0,0,1701980615,120
3321c531,29.5288,-98.4715,0,0,1701980612,286
3321cb9d,29.5239,-98.4706,0,0,1701980609,137
3321cc93,29.5292,-98.472,0,0,1701980617,174
3321ccba,29.5381,-98.485,0,0,1701980620,300
3321d291,29.5292,-98.4737,0,0,1701980620,120
3321c531,29.5288,-98.4715,0,0,1701980612,286
3321cb9d,29.5239,-98.4706,0,0,1701980609,137
3321cc93,29.5292,-98.472,0,0,1701980617,174
3321ccba,29.5381,-98.485,0,0,1701980620,300
3321d291,29.5292,-98.4737,0,0,1701980620,120
3321c531,29.5288,-98.4715,0,0,1701980612,286
3321cb9d,29.5239,-98.4706,0,0,1701980609,137
3321cc93,29.5292,-98.472,0,0,1701980617,174
3321ccba,29.5381,-98.485,0,0,1701980620,300
3321d291,29.5292,-98.4737,0,0,1701980620,120
3321c531,29.5288,-98.4715,0,0,1701980612,286
3321cb9d,29.5239,-98.4706,0,0,1701980624,137
3321cc93,29.5292,-98.472,0,0,1701980617,174
3321ccba,29.5381,-98.485,0,0,1701980625,300
3321d291,29.5292,-98.4737,0,0,1701980623,120
3321c531,29.5288,-98.4715,0,0,1701980612,286
3321cb9d,29.5239,-98.4706,0,0,1701980624,137
3321cc93,29.5292,-98.472,0,0,1701980617,174
3321ccba,29.5381,-98.485,0,0,1701980625,300
3321d291,29.5292,-98.4737,0,0,1701980623,120
3321c531,29.5288,-98.4715,0,0,1701980612,286
3321cb9d,29.5239,-98.4706,0,0,1701980624,137
3321cc93,29.5292,-98.472,0,0,1701980617,174
3321ccba,29.5381,-98.485,0,0,1701980625,300
3321d291,29.5292,-98.4737,0,0,1701980623,120
3321c531,29.5288,-98.4715,0,0,1701980612,286
3321cb9d,29.5239,-98.4706,0,0,1701980624,137
3321cc93,29.5292,-98.472,0,0,1701980617,174
3321ccba,29.5381,-98.485,0,0,1701980625,300
3321d291,29.5292,-98.4737,0,0,1701980623,120
3321c531,29.5288,-98.4715,0,0,1701980627,286
3321cb9d,29.5239,-98.4706,0,0,1701980624,137
3321cc93,29.5292,-98.472,0,0,1701980627,174
3321ccba,29.5381,-98.485,0,0,1701980625,300
3321d291,29.5292,-98.4737,0,0,1701980629,120
3321c531,29.5288,-98.4715,0,0,1701980627,286
3321cb9d,29.5239,-98.4706,0,0,1701980624,137
3321cc93,29.5292,-98.472,0,0,1701980627,174
3321ccba,29.5381,-98.485,0,0,1701980625,300
3321d291,29.5292,-98.4737,0,0,1701980629,120
3321c531,29.5288,-98.4715,0,0,1701980627,286
3321cb9d,29.5239,-98.4706,0,0,1701980624,137
3321cc93,29.5292,-98.472,0,0,1701980627,174
3321ccba,29.5381,-98.485,0,0,1701980625,300
3321d291,29.5292,-98.4737,0,0,1701980629,120
3321c531,29.5288,-98.4715,0,0,1701980632,286
3321cb9d,29.5239,-98.4706,0,0,1701980624,137
3321cc93,29.5292,-98.472,0,0,1701980632,174
3321ccba,29.5381,-98.485,0,0,1701980630,300
3321d291,29.5292,-98.4737,0,0,1701980629,120
3321c531,29.5288,-98.4715,0,0,1701980632,286
3321cb9d,29.5239,-98.4706,0,0,1701980624,137
3321cc93,29.5292,-98.472,0,0,1701980632,174
3321ccba,29.5381,-98.485,0,0,1701980630,300
3321d291,29.5292,-98.4737,0,0,1701980629,120
3321c531,29.5288,-98.4715,0,0,1701980632,286
3321cb9d,29.5239,-98.4706,0,0,1701980624,137
3321cc93,29.5292,-98.472,0,0,1701980632,174
3321ccba,29.5381,-98.485,0,0,1701980630,300
3321d291,29.5292,-98.4737,0,0,1701980629,120
3321c531,29.5288,-98.4715,0,0,1701980632,286
3321cb9d,29.5239,-98.4706,0,0,1701980624,137
3321cc93,29.5292,-98.472,0,0,1701980632,174
3321ccba,29.5381,-98.485,0,0,1701980635,300
3321d291,29.5292,-98.4737,0,0,1701980634,120
3321c531,29.5288,-98.4715,0,0,1701980632,286
3321cb9d,29.5239,-98.4706,0,0,1701980624,137
3321cc93,29.5292,-98.472,0,0,1701980632,174
3321ccba,29.5381,-98.485,0,0,1701980635,300
3321d291,29.5292,-98.4737,0,0,1701980634,120
3321c531,29.5288,-98.4715,0,0,1701980632,286
3321cb9d,29.5239,-98.4706,0,0,1701980624,137
3321cc93,29.5292,-98.472,0,0,1701980632,174
3321ccba,29.5381,-98.485,0,0,1701980635,300
3321d291,29.5292,-98.4737,0,0,1701980634,120
3321c531,29.5288,-98.4715,0,0,1701980632,286
3321cb9d,29.5239,-98.4706,0,0,1701980624,137
3321cc93,29.5292,-98.472,0,0,1701980637,174
3321ccba,29.5381,-98.485,0,0,1701980640,300
3321d291,29.5292,-98.4737,0,0,1701980634,120
3321c531,29.5288,-98.4715,0,0,1701980632,286
3321cb9d,29.5239,-98.4706,0,0,1701980624,137
3321cc93,29.5292,-98.472,0,0,1701980637,174
3321ccba,29.5381,-98.485,0,0,1701980640,300
3321d291,29.5292,-98.4737,0,0,1701980634,120
3321c531,29.5288,-98.4715,0,0,1701980632,286
3321cb9d,29.5239,-98.4706,0,0,1701980624,137
3321cc93,29.5292,-98.472,0,0,1701980637,174
3321ccba,29.5381,-98.485,0,0,1701980640,300
3321d291,29.5292,-98.4737,0,0,1701980634,120
3321c531,29.5288,-98.4715,0,0,1701980632,286
3321cb9d,29.5239,-98.4706,0,0,1701980624,137
3321cc93,29.5292,-98.472,0,0,1701980642,174
3321ccba,29.5381,-98.485,0,0,1701980645,300
3321d291,29.5292,-98.4737,0,0,1701980634,120
3321c531,29.5288,-98.4715,0,0,1701980632,286
3321cb9d,29.5239,-98.4706,0,0,1701980624,137
3321cc93,29.5292,-98.472,0,0,1701980642,174
3321ccba,29.5381,-98.485,0,0,1701980645,300
3321d291,29.5292,-98.4737,0,0,1701980634,120
3321c531,29.5288,-98.4715,0,0,1701980632,286
3321cb9d,29.5239,-98.4706,0,0,1701980624,137
3321cc93,29.5292,-98.472,0,0,1701980642,174
3321ccba,29.5381,-98.485,0,0,1701980645,300
3321d291,29.5292,-98.4737,0,0,1701980634,120
3321c531,29.5288,-98.4715,0,0,1701980632,286
3321cb9d,29.5239,-98.4706,0,0,1701980624,137
3321cc93,29.5292,-98.472,0,0,1701980642,174
3321ccba,29.5381,-98.485,0,0,1701980645,300
3321d291,29.5292,-98.4737,0,0,1701980634,120
3321c531,29.5288,-98.4715,0,0,1701980632,286
3321cb9d,29.5239,-98.4706,0,0,1701980624,137
3321cc93,29.5292,-98.472,0,0,1701980647,174
3321ccba,29.5381,-98.485,0,0,1701980645,300
3321d291,29.5292,-98.4737,0,0,1701980634,120
3321c531,29.5288,-98.4715,0,0,1701980632,286
3321cb9d,29.5239,-98.4706,0,0,1701980624,137
3321cc93,29.5292,-98.472,0,0,1701980647,174
3321ccba,29.5381,-98.485,0,0,1701980645,300
3321d291,29.5292,-98.4737,0,0,1701980634,120
3321c531,29.5288,-98.4715,0,0,1701980632,286
3321cb9d,29.5239,-98.4706,0,0,1701980624,137
3321cc93,29.5292,-98.472,0,0,1701980647,174
3321ccba,29.5381,-98.485,0,0,1701980645,300
3321d291,29.5292,-98.4737,0,0,1701980634,120
3321c531,29.5288,-98.4715,0,0,1701980652,286
3321cb9d,29.5239,-98.4706,0,0,1701980624,137
3321cc93,29.5292,-98.472,0,0,1701980652,174
3321ccba,29.5381,-98.485,0,0,1701980650,300
3321d291,29.5292,-98.4737,0,0,1701980634,120
3321c531,29.5288,-98.4715,0,0,1701980652,286
3321cb9d,29.5239,-98.4706,0,0,1701980624,137
3321cc93,29.5292,-98.472,0,0,1701980652,174
3321ccba,29.5381,-98.485,0,0,1701980650,300
3321d291,29.5292,-98.4737,0,0,1701980634,120
3321c531,29.5288,-98.4715,0,0,1701980652,286
3321cb9d,29.5239,-98.4706,0,0,1701980624,137
3321cc93,29.5292,-98.472,0,0,1701980652,174
3321ccba,29.5381,-98.485,0,0,1701980650,300
3321d291,29.5292,-98.4737,0,0,1701980634,120
3321c531,29.5288,-98.4715,0,0,1701980652,286
3321cb9d,29.5239,-98.4706,0,0,1701980624,137
3321cc93,29.5292,-98.472,0,0,1701980652,174
3321ccba,29.5381,-98.485,0,0,1701980656,300
3321d291,29.5292,-98.4737,0,0,1701980654,120
3321c531,29.5288,-98.4715,0,0,1701980652,286
3321cb9d,29.5239,-98.4706,0,0,1701980624,137
3321cc93,29.5292,-98.472,0,0,1701980652,174
3321ccba,29.5381,-98.485,0,0,1701980656,300
3321d291,29.5292,-98.4737,0,0,1701980654,120
3321c531,29.5288,-98.4715,0,0,1701980652,286
3321cb9d,29.5239,-98.4706,0,0,1701980624,137
3321cc93,29.5292,-98.472,0,0,1701980652,174
3321ccba,29.5381,-98.485,0,0,1701980656,300
3321d291,29.5292,-98.4737,0,0,1701980654,120
3321c531,29.5288,-98.4715,0,0,1701980652,286
3321cb9d,29.5237,-98.4703,0,6,1701980660,132
3321cc93,29.5292,-98.472,0,0,1701980657,174
3321ccba,29.5381,-98.485,0,0,1701980660,300
3321d291,29.5292,-98.4737,0,0,1701980654,120
3321c531,29.5288,-98.4715,0,0,1701980652,286
3321cb9d,29.5237,-98.4703,0,6,1701980660,132
3321cc93,29.5292,-98.472,0,0,1701980657,174
3321ccba,29.5381,-98.485,0,0,1701980660,300
3321d291,29.5292,-98.4737,0,0,1701980654,120
3321c531,29.5288,-98.4715,0,0,1701980652,286
3321cb9d,29.5237,-98.4703,0,6,1701980660,132
3321cc93,29.5292,-98.472,0,0,1701980657,174
3321ccba,29.5381,-98.485,0,0,1701980660,300
3321d291,29.5292,-98.4737,0,0,1701980654,120
3321c531,29.5288,-98.4715,0,0,1701980662,286
3321cb9d,29.5236,-98.4702,0,7,1701980664,132
3321cc93,29.5292,-98.472,0,0,1701980662,174
3321ccba,29.5381,-98.485,0,0,1701980665,300
3321d291,29.5292,-98.4737,0,0,1701980664,120
3321c531,29.5288,-98.4715,0,0,1701980662,286
3321cb9d,29.5236,-98.4702,0,7,1701980664,132
3321cc93,29.5292,-98.472,0,0,1701980662,174
3321ccba,29.5381,-98.485,0,0,1701980665,300
3321d291,29.5292,-98.4737,0,0,1701980664,120
3321c531,29.5288,-98.4715,0,0,1701980662,286
3321cb9d,29.5236,-98.4702,0,7,1701980664,132
3321cc93,29.5292,-98.472,0,0,1701980662,174
3321ccba,29.5381,-98.485,0,0,1701980665,300
3321d291,29.5292,-98.4737,0,0,1701980664,120
3321c531,29.5288,-98.4715,0,0,1701980667,286
3321cb9d,29.5235,-98.47,0,8,1701980669,129
3321cc93,29.5292,-98.472,0,0,1701980667,174
3321ccba,29.5381,-98.485,0,0,1701980666,300
3321d291,29.5292,-98.4737,0,0,1701980664,120
3321c531,29.5288,-98.4715,0,0,1701980667,286
3321cb9d,29.5235,-98.47,0,8,1701980669,129
3321cc93,29.5292,-98.472,0,0,1701980667,174
3321ccba,29.5381,-98.485,0,0,1701980666,300
3321d291,29.5292,-98.4737,0,0,1701980664,120
3321c531,29.5288,-98.4715,0,0,1701980667,286
3321cb9d,29.5235,-98.47,0,8,1701980669,129
3321cc93,29.5292,-98.472,0,0,1701980667,174
3321ccba,29.5381,-98.485,0,0,1701980666,300
3321d291,29.5292,-98.4737,0,0,1701980664,120
3321c531,29.5288,-98.4715,0,0,1701980667,286
3321cb9d,29.5235,-98.47,0,8,1701980669,129
3321cc93,29.5292,-98.472,0,0,1701980667,174
3321ccba,29.5381,-98.485,0,0,1701980666,300
3321d291,29.5292,-98.4737,0,0,1701980664,120
3321c531,29.5288,-98.4715,0,0,1701980672,286
3321cb9d,29.5234,-98.4699,0,7,1701980673,132
3321cc93,29.5292,-98.472,0,0,1701980672,174
3321ccba,29.5381,-98.485,0,0,1701980671,300
3321d291,29.5292,-98.4737,0,0,1701980664,120
3321c531,29.5288,-98.4715,0,0,1701980672,286
3321cb9d,29.5234,-98.4699,0,7,1701980673,132
3321cc93,29.5292,-98.472,0,0,1701980672,174
3321ccba,29.5381,-98.485,0,0,1701980671,300
3321d291,29.5292,-98.4737,0,0,1701980664,120
3321c531,29.5288,-98.4715,0,0,1701980672,286
3321cb9d,29.5234,-98.4699,0,7,1701980673,132
3321cc93,29.5292,-98.472,0,0,1701980672,174
3321ccba,29.5381,-98.485,0,0,1701980671,300
3321d291,29.5292,-98.4737,0,0,1701980664,120
3321c531,29.5288,-98.4715,0,0,1701980677,286
3321cb9d,29.5233,-98.4698,0,3,1701980677,126
3321cc93,29.5292,-98.472,0,0,1701980677,174
3321ccba,29.5381,-98.485,0,0,1701980676,300
3321d291,29.5292,-98.4737,0,0,1701980673,120
3321c531,29.5288,-98.4715,0,0,1701980677,286
3321cb9d,29.5233,-98.4698,0,3,1701980677,126
3321cc93,29.5292,-98.472,0,0,1701980677,174
3321ccba,29.5381,-98.485,0,0,1701980676,300
3321d291,29.5292,-98.4737,0,0,1701980673,120
3321c531,29.5288,-98.4715,0,0,1701980677,286
3321cb9d,29.5233,-98.4698,0,3,1701980677,126
3321cc93,29.5292,-98.472,0,0,1701980677,174
3321ccba,29.5381,-98.485,0,0,1701980676,300
3321d291,29.5292,-98.4737,0,0,1701980673,120
3321c531,29.5288,-98.4715,0,0,1701980677,286
3321cb9d,29.5233,-98.4698,0,3,1701980681,106
3321cc93,29.5292,-98.472,0,0,1701980677,174
3321ccba,29.5381,-98.485,0,0,1701980681,300
3321d291,29.5292,-98.4737,0,0,1701980673,120
3321c531,29.5288,-98.4715,0,0,1701980677,286
3321cb9d,29.5233,-98.4698,0,3,1701980681,106
3321cc93,29.5292,-98.472,0,0,1701980677,174
3321ccba,29.5381,-98.485,0,0,1701980681,300
3321d291,29.5292,-98.4737,0,0,1701980673,120
3321c531,29.5288,-98.4715,0,0,1701980677,286
3321cb9d,29.5233,-98.4698,0,3,1701980681,106
3321cc93,29.5292,-98.472,0,0,1701980677,174
3321ccba,29.5381,-98.485,0,0,1701980681,300
3321d291,29.5292,-98.4737,0,0,1701980673,120
3321c531,29.5288,-98.4715,0,0,1701980682,286
3321cb9d,29.5234,-98.4697,0,3,1701980684,90
3321cc93,29.5292,-98.472,0,0,1701980682,174
3321ccba,29.5381,-98.485,0,0,1701980681,300
3321d291,29.5292,-98.4737,0,0,1701980673,120
3321c531,29.5288,-98.4715,0,0,1701980682,286
3321cb9d,29.5234,-98.4697,0,3,1701980684,90
3321cc93,29.5292,-98.472,0,0,1701980682,174
3321ccba,29.5381,-98.485,0,0,1701980681,300
3321d291,29.5292,-98.4737,0,0,1701980673,120
3321c531,29.5288,-98.4715,0,0,1701980682,286
3321cb9d,29.5234,-98.4697,0,3,1701980684,90
3321cc93,29.5292,-98.472,0,0,1701980682,174
3321ccba,29.5381,-98.485,0,0,1701980681,300
3321d291,29.5292,-98.4737,0,0,1701980673,120
3321c531,29.5288,-98.4715,0,0,1701980682,286
3321cb9d,29.5234,-98.4697,0,3,1701980688,73
3321cc93,29.5292,-98.472,0,0,1701980687,174
3321ccba,29.5381,-98.485,0,0,1701980686,300
3321d291,29.5292,-98.4737,0,0,1701980673,120
3321c531,29.5288,-98.4715,0,0,1701980682,286
3321cb9d,29.5234,-98.4697,0,3,1701980688,73
3321cc93,29.5292,-98.472,0,0,1701980687,174
3321ccba,29.5381,-98.485,0,0,1701980686,300
3321d291,29.5292,-98.4737,0,0,1701980673,120
3321c531,29.5288,-98.4715,0,0,1701980682,286
3321cb9d,29.5234,-98.4697,0,3,1701980688,73
3321cc93,29.5292,-98.472,0,0,1701980687,174
3321ccba,29.5381,-98.485,0,0,1701980686,300
3321d291,29.5292,-98.4737,0,0,1701980673,120
3321c531,29.5288,-98.4715,0,0,1701980682,286
3321cb9d,29.5234,-98.4697,0,3,1701980688,73
3321cc93,29.5292,-98.472,0,0,1701980687,174
3321ccba,29.5381,-98.485,0,0,1701980686,300
3321d291,29.5292,-98.4737,0,0,1701980673,120
3321c531,29.5288,-98.4715,0,0,1701980692,286
3321cb9d,29.5235,-98.4697,0,3,1701980692,59
3321cc93,29.5292,-98.472,0,0,1701980687,174
3321ccba,29.5381,-98.485,0,0,1701980690,300
3321d291,29.5292,-98.4737,0,0,1701980673,120
3321c531,29.5288,-98.4715,0,0,1701980692,286
3321cb9d,29.5235,-98.4697,0,3,1701980692,59
3321cc93,29.5292,-98.472,0,0,1701980687,174
3321ccba,29.5381,-98.485,0,0,1701980690,300
3321d291,29.5292,-98.4737,0,0,1701980673,120
3321c531,29.5288,-98.4715,0,0,1701980692,286
3321cb9d,29.5235,-98.4697,0,3,1701980692,59
3321cc93,29.5292,-98.472,0,0,1701980687,174
3321ccba,29.5381,-98.485,0,0,1701980690,300
3321d291,29.5292,-98.4737,0,0,1701980673,120
332195e8,29.5252,-98.4716,0,3,1701980696,320
3321c531,29.5288,-98.4715,0,0,1701980692,286
3321cb9d,29.5235,-98.4696,0,1,1701980697,45
3321cc93,29.5292,-98.472,0,0,1701980687,174
3321ccba,29.5381,-98.485,0,0,1701980695,300
3321d291,29.5292,-98.4737,0,0,1701980673,120
332195e8,29.5252,-98.4716,0,3,1701980696,320
3321c531,29.5288,-98.4715,0,0,1701980692,286
3321cb9d,29.5235,-98.4696,0,1,1701980697,45
3321cc93,29.5292,-98.472,0,0,1701980687,174
3321ccba,29.5381,-98.485,0,0,1701980695,300
3321d291,29.5292,-98.4737,0,0,1701980673,120
332195e8,29.5252,-98.4716,0,3,1701980696,320
3321c531,29.5288,-98.4715,0,0,1701980692,286
3321cb9d,29.5235,-98.4696,0,1,1701980697,45
3321cc93,29.5292,-98.472,0,0,1701980687,174
3321ccba,29.5381,-98.485,0,0,1701980695,300
3321d291,29.5292,-98.4737,0,0,1701980673,120
332195e8,29.5252,-98.4716,0,3,1701980697,320
3321c531,29.5288,-98.4715,0,0,1701980697,286
3321cb9d,29.5235,-98.4696,0,1,1701980700,42
3321cc93,29.5292,-98.472,0,0,1701980687,174
3321ccba,29.5381,-98.485,0,0,1701980700,300
3321d291,29.5292,-98.4737,0,0,1701980698,120
332195e8,29.5252,-98.4716,0,3,1701980697,320
3321c531,29.5288,-98.4715,0,0,1701980697,286
3321cb9d,29.5235,-98.4696,0,1,1701980700,42
3321cc93,29.5292,-98.472,0,0,1701980687,174
3321ccba,29.5381,-98.485,0,0,1701980700,300
3321d291,29.5292,-98.4737,0,0,1701980698,120
332195e8,29.5252,-98.4716,0,3,1701980697,320
3321c531,29.5288,-98.4715,0,0,1701980697,286
3321cb9d,29.5235,-98.4696,0,1,1701980700,42
3321cc93,29.5292,-98.472,0,0,1701980687,174
3321ccba,29.5381,-98.485,0,0,1701980700,300
3321d291,29.5292,-98.4737,0,0,1701980698,120
332195e8,29.5252,-98.4716,0,3,1701980697,320
3321c531,29.5288,-98.4715,0,0,1701980702,286
3321cb9d,29.5235,-98.4696,0,0,1701980705,42
3321cc93,29.5292,-98.472,0,0,1701980702,174
3321ccba,29.5381,-98.485,0,0,1701980705,300
3321d291,29.5292,-98.4737,0,0,1701980703,120
332195e8,29.5252,-98.4716,0,3,1701980697,320
3321c531,29.5288,-98.4715,0,0,1701980702,286
3321cb9d,29.5235,-98.4696,0,0,1701980705,42
3321cc93,29.5292,-98.472,0,0,1701980702,174
3321ccba,29.5381,-98.485,0,0,1701980705,300
3321d291,29.5292,-98.4737,0,0,1701980703,120
332195e8,29.5252,-98.4716,0,3,1701980697,320
3321c531,29.5288,-98.4715,0,0,1701980702,286
3321cb9d,29.5235,-98.4696,0,0,1701980705,42
3321cc93,29.5292,-98.472,0,0,1701980702,174
3321ccba,29.5381,-98.485,0,0,1701980705,300
3321d291,29.5292,-98.4737,0,0,1701980703,120
332195e8,29.5252,-98.4716,0,3,1701980697,320
3321c531,29.5288,-98.4715,0,0,1701980702,286
3321cb9d,29.5235,-98.4696,0,0,1701980709,42
3321cc93,29.5292,-98.472,0,0,1701980707,174
3321ccba,29.5381,-98.485,0,0,1701980706,300
3321d291,29.5292,-98.4737,0,0,1701980703,120
332195e8,29.5252,-98.4716,0,3,1701980697,320
3321c531,29.5288,-98.4715,0,0,1701980702,286
3321cb9d,29.5235,-98.4696,0,0,1701980709,42
3321cc93,29.5292,-98.472,0,0,1701980707,174
3321ccba,29.5381,-98.485,0,0,1701980706,300
3321d291,29.5292,-98.4737,0,0,1701980703,120
332195e8,29.5252,-98.4716,0,3,1701980697,320
3321c531,29.5288,-98.4715,0,0,1701980702,286
3321cb9d,29.5235,-98.4696,0,0,1701980709,42
3321cc93,29.5292,-98.472,0,0,1701980707,174
3321ccba,29.5381,-98.485,0,0,1701980706,300
3321d291,29.5292,-98.4737,0,0,1701980703,120
332195e8,29.5252,-98.4716,0,3,1701980697,320
3321c531,29.5288,-98.4715,0,0,1701980712,286
3321cb9d,29.5235,-98.4696,0,0,1701980712,42
3321cc93,29.5292,-98.472,0,0,1701980712,174
3321ccba,29.5381,-98.485,0,0,1701980710,300
3321d291,29.5292,-98.4737,0,0,1701980703,120
332195e8,29.5252,-98.4716,0,3,1701980697,320
3321c531,29.5288,-98.4715,0,0,1701980712,286
3321cb9d,29.5235,-98.4696,0,0,1701980712,42
3321cc93,29.5292,-98.472,0,0,1701980712,174
3321ccba,29.5381,-98.485,0,0,1701980710,300
3321d291,29.5292,-98.4737,0,0,1701980703,120
332195e8,29.5252,-98.4716,0,3,1701980697,320
3321c531,29.5288,-98.4715,0,0,1701980712,286
3321cb9d,29.5235,-98.4696,0,0,1701980712,42
3321cc93,29.5292,-98.472,0,0,1701980712,174
3321ccba,29.5381,-98.485,0,0,1701980710,300
3321d291,29.5292,-98.4737,0,0,1701980703,120
332195e8,29.5252,-98.4716,0,3,1701980697,320
3321c531,29.5288,-98.4715,0,0,1701980712,286
3321cb9d,29.5235,-98.4696,0,0,1701980712,42
3321cc93,29.5292,-98.472,0,0,1701980712,174
3321ccba,29.5381,-98.485,0,0,1701980710,300
3321d291,29.5292,-98.4737,0,0,1701980703,120
332195e8,29.5252,-98.4716,0,3,1701980697,320
3321c531,29.5288,-98.4715,0,0,1701980712,286
3321cb9d,29.5235,-98.4696,0,0,1701980717,42
3321cc93,29.5292,-98.472,0,0,1701980717,174
3321ccba,29.5381,-98.485,0,0,1701980715,300
3321d291,29.5292,-98.4737,0,0,1701980703,120
332195e8,29.5252,-98.4716,0,3,1701980697,320
3321c531,29.5288,-98.4715,0,0,1701980712,286
3321cb9d,29.5235,-98.4696,0,0,1701980717,42
3321cc93,29.5292,-98.472,0,0,1701980717,174
3321ccba,29.5381,-98.485,0,0,1701980715,300
3321d291,29.5292,-98.4737,0,0,1701980703,120
332195e8,29.5252,-98.4716,0,3,1701980697,320
3321c531,29.5288,-98.4715,0,0,1701980712,286
3321cb9d,29.5235,-98.4696,0,0,1701980717,42
3321cc93,29.5292,-98.472,0,0,1701980717,174
3321ccba,29.5381,-98.485,0,0,1701980715,300
3321d291,29.5292,-98.4737,0,0,1701980703,120
332195e8,29.5252,-98.4716,0,3,1701980697,320
3321c531,29.5288,-98.4715,0,0,1701980712,286
3321cb9d,29.5235,-98.4696,0,0,1701980721,42
3321cc93,29.5292,-98.472,0,0,1701980717,174
3321ccba,29.5381,-98.485,0,0,1701980720,300
3321d291,29.5292,-98.4737,0,0,1701980719,120
332195e8,29.5252,-98.4716,0,3,1701980697,320
3321c531,29.5288,-98.4715,0,0,1701980712,286
3321cb9d,29.5235,-98.4696,0,0,1701980721,42
3321cc93,29.5292,-98.472,0,0,1701980717,174
3321ccba,29.5381,-98.485,0,0,1701980720,300
3321d291,29.5292,-98.4737,0,0,1701980719,120
332195e8,29.5252,-98.4716,0,3,1701980697,320
3321c531,29.5288,-98.4715,0,0,1701980712,286
3321cb9d,29.5235,-98.4696,0,0,1701980721,42
3321cc93,29.5292,-98.472,0,0,1701980717,174
3321ccba,29.5381,-98.485,0,0,1701980720,300
3321d291,29.5292,-98.4737,0,0,1701980719,120
332195e8,29.5252,-98.4716,0,3,1701980697,320
3321c531,29.5288,-98.4715,0,0,1701980722,286
3321cb9d,29.5235,-98.4696,0,0,1701980723,42
3321cc93,29.5292,-98.472,0,0,1701980722,174
3321ccba,29.5381,-98.485,0,0,1701980725,300
3321d291,29.5292,-98.4737,0,0,1701980724,120
332195e8,29.5252,-98.4716,0,3,1701980697,320
3321c531,29.5288,-98.4715,0,0,1701980722,286
3321cb9d,29.5235,-98.4696,0,0,1701980723,42
3321cc93,29.5292,-98.472,0,0,1701980722,174
3321ccba,29.5381,-98.485,0,0,1701980725,300
3321d291,29.5292,-98.4737,0,0,1701980724,120
332195e8,29.5252,-98.4716,0,3,1701980697,320
3321c531,29.5288,-98.4715,0,0,1701980722,286
3321cb9d,29.5235,-98.4696,0,0,1701980723,42
3321cc93,29.5292,-98.472,0,0,1701980722,174
3321ccba,29.5381,-98.485,0,0,1701980725,300
3321d291,29.5292,-98.4737,0,0,1701980724,120
332195e8,29.5252,-98.4716,0,3,1701980697,320
3321c531,29.5288,-98.4715,0,0,1701980727,286
3321cb9d,29.5235,-98.4696,0,0,1701980723,42
3321cc93,29.5292,-98.472,0,0,1701980727,174
3321ccba,29.5381,-98.485,0,0,1701980726,300
3321d291,29.5292,-98.4737,0,0,1701980729,120
332195e8,29.5252,-98.4716,0,3,1701980697,320
3321c531,29.5288,-98.4715,0,0,1701980727,286
3321cb9d,29.5235,-98.4696,0,0,1701980723,42
3321cc93,29.5292,-98.472,0,0,1701980727,174
3321ccba,29.5381,-98.485,0,0,1701980726,300
3321d291,29.5292,-98.4737,0,0,1701980729,120
332195e8,29.5252,-98.4716,0,3,1701980697,320
3321c531,29.5288,-98.4715,0,0,1701980727,286
3321cb9d,29.5235,-98.4696,0,0,1701980723,42
3321cc93,29.5292,-98.472,0,0,1701980727,174
3321ccba,29.5381,-98.485,0,0,1701980726,300
3321d291,29.5292,-98.4737,0,0,1701980729,120
332195e8,29.5252,-98.4716,0,3,1701980697,320
3321c531,29.5288,-98.4715,0,0,1701980732,286
3321cb9d,29.5235,-98.4696,0,0,1701980732,42
3321cc93,29.5292,-98.472,0,0,1701980732,174
3321ccba,29.5381,-98.485,0,0,1701980731,300
3321d291,29.5292,-98.4737,0,0,1701980729,120
332195e8,29.5252,-98.4716,0,3,1701980697,320
3321c531,29.5288,-98.4715,0,0,1701980732,286
3321cb9d,29.5235,-98.4696,0,0,1701980732,42
3321cc93,29.5292,-98.472,0,0,1701980732,174
3321ccba,29.5381,-98.485,0,0,1701980731,300
3321d291,29.5292,-98.4737,0,0,1701980729,120
332195e8,29.5252,-98.4716,0,3,1701980697,320
3321c531,29.5288,-98.4715,0,0,1701980732,286
3321cb9d,29.5235,-98.4696,0,0,1701980732,42
3321cc93,29.5292,-98.472,0,0,1701980732,174
3321ccba,29.5381,-98.485,0,0,1701980731,300
3321d291,29.5292,-98.4737,0,0,1701980729,120
332195e8,29.5252,-98.4716,0,3,1701980697,320
3321c531,29.5288,-98.4715,0,0,1701980737,286
3321cb9d,29.5235,-98.4696,0,0,1701980732,42
3321cc93,29.5292,-98.472,0,0,1701980736,174
3321ccba,29.5381,-98.485,0,0,1701980735,300
3321d291,29.5292,-98.4737,0,0,1701980729,120
332195e8,29.5252,-98.4716,0,3,1701980697,320
3321c531,29.5288,-98.4715,0,0,1701980737,286
3321cb9d,29.5235,-98.4696,0,0,1701980732,42
3321cc93,29.5292,-98.472,0,0,1701980736,174
3321ccba,29.5381,-98.485,0,0,1701980735,300
3321d291,29.5292,-98.4737,0,0,1701980729,120
332195e8,29.5252,-98.4716,0,3,1701980697,320
3321c531,29.5288,-98.4715,0,0,1701980737,286
3321cb9d,29.5235,-98.4696,0,0,1701980732,42
3321cc93,29.5292,-98.472,0,0,1701980736,174
3321ccba,29.5381,-98.485,0,0,1701980735,300
3321d291,29.5292,-98.4737,0,0,1701980729,120
332195e8,29.5252,-98.4716,0,3,1701980697,320
3321c531,29.5288,-98.4715,0,0,1701980737,286
3321cb9d,29.5235,-98.4696,0,0,1701980737,42
3321cc93,29.5292,-98.472,0,0,1701980736,174
3321ccba,29.5381,-98.485,0,0,1701980741,300
3321d291,29.5292,-98.4737,0,0,1701980729,120
3321d5e7,29.5239,-98.4722,0,4,1701980741,348
332195e8,29.5252,-98.4716,0,3,1701980697,320
3321c531,29.5288,-98.4715,0,0,1701980737,286
3321cb9d,29.5235,-98.4696,0,0,1701980737,42
3321cc93,29.5292,-98.472,0,0,1701980736,174
3321ccba,29.5381,-98.485,0,0,1701980741,300
3321d291,29.5292,-98.4737,0,0,1701980729,120
3321d5e7,29.5239,-98.4722,0,4,1701980741,348
332195e8,29.5252,-98.4716,0,3,1701980697,320
3321c531,29.5288,-98.4715,0,0,1701980737,286
3321cb9d,29.5235,-98.4696,0,0,1701980737,42
3321cc93,29.5292,-98.472,0,0,1701980736,174
3321ccba,29.5381,-98.485,0,0,1701980741,300
3321d291,29.5292,-98.4737,0,0,1701980729,120
3321d5e7,29.5239,-98.4722,0,4,1701980741,348
332195e8,29.5252,-98.4716,0,3,1701980697,320
3321c531,29.5288,-98.4715,0,0,1701980737,286
3321cb9d,29.5235,-98.4696,0,0,1701980737,42
3321cc93,29.5292,-98.472,0,0,1701980736,174
3321ccba,29.5381,-98.485,0,0,1701980741,300
3321d291,29.5292,-98.4737,0,0,1701980729,120
3321d5e7,29.5239,-98.4722,0,4,1701980741,348
332195e8,29.5252,-98.4716,0,3,1701980697,320
3321c531,29.5288,-98.4715,0,0,1701980742,286
3321cb9d,29.5235,-98.4696,0,0,1701980743,42
3321cc93,29.5292,-98.472,0,0,1701980741,174
3321ccba,29.5381,-98.485,0,0,1701980745,300
3321d291,29.5292,-98.4737,0,0,1701980744,120
3321d5e7,29.5239,-98.4722,0,4,1701980745,357
332195e8,29.5252,-98.4716,0,3,1701980697,320
3321c531,29.5288,-98.4715,0,0,1701980742,286
3321cb9d,29.5235,-98.4696,0,0,1701980743,42
3321cc93,29.5292,-98.472,0,0,1701980741,174
3321ccba,29.5381,-98.485,0,0,1701980745,300
3321d291,29.5292,-98.4737,0,0,1701980744,120
3321d5e7,29.5239,-98.4722,0,4,1701980745,357
332195e8,29.5252,-98.4716,0,3,1701980697,320
3321c531,29.5288,-98.4715,0,0,1701980742,286
3321cb9d,29.5235,-98.4696,0,0,1701980743,42
3321cc93,29.5292,-98.472,0,0,1701980741,174
3321ccba,29.5381,-98.485,0,0,1701980745,300
3321d291,29.5292,-98.4737,0,0,1701980744,120
3321d5e7,29.5239,-98.4722,0,4,1701980745,357
332195e8,29.5252,-98.4716,0,3,1701980697,320
3321c531,29.5288,-98.4715,0,0,1701980747,286
3321cb9d,29.5235,-98.4696,0,0,1701980748,42
3321cc93,29.5292,-98.472,0,0,1701980746,174
3321ccba,29.5381,-98.485,0,0,1701980746,300
3321d291,29.5292,-98.4737,0,0,1701980748,120
3321d5e7,29.5238,-98.4721,0,4,1701980749,11
332195e8,29.5252,-98.4716,0,3,1701980697,320
3321c531,29.5288,-98.4715,0,0,1701980747,286
3321cb9d,29.5235,-98.4696,0,0,1701980748,42
3321cc93,29.5292,-98.472,0,0,1701980746,174
3321ccba,29.5381,-98.485,0,0,1701980746,300
3321d291,29.5292,-98.4737,0,0,1701980748,120
3321d5e7,29.5238,-98.4721,0,4,1701980749,11
332195e8,29.5252,-98.4716,0,3,1701980697,320
3321c531,29.5288,-98.4715,0,0,1701980747,286
3321cb9d,29.5235,-98.4696,0,0,1701980748,42
3321cc93,29.5292,-98.472,0,0,1701980746,174
3321ccba,29.5381,-98.485,0,0,1701980746,300
3321d291,29.5292,-98.4737,0,0,1701980748,120
3321d5e7,29.5238,-98.4721,0,4,1701980749,11
332195e8,29.5252,-98.4716,0,3,1701980697,320
3321c531,29.5288,-98.4715,0,0,1701980752,286
3321cb9d,29.5235,-98.4696,0,0,1701980753,42
3321cc93,29.5292,-98.472,0,0,1701980751,174
3321ccba,29.5381,-98.485,0,0,1701980751,300
3321d291,29.5292,-98.4737,0,0,1701980748,120
3321d5e7,29.5238,-98.4721,0,4,1701980749,11
332195e8,29.5252,-98.4716,0,3,1701980697,320
3321c531,29.5288,-98.4715,0,0,1701980752,286
3321cb9d,29.5235,-98.4696,0,0,1701980753,42
3321cc93,29.5292,-98.472,0,0,1701980751,174
3321ccba,29.5381,-98.485,0,0,1701980751,300
3321d291,29.5292,-98.4737,0,0,1701980748,120
3321d5e7,29.5238,-98.4721,0,4,1701980749,11
332195e8,29.5252,-98.4716,0,3,1701980697,320
3321c531,29.5288,-98.4715,0,0,1701980752,286
3321cb9d,29.5235,-98.4696,0,0,1701980753,42
3321cc93,29.5292,-98.472,0,0,1701980751,174
3321ccba,29.5381,-98.485,0,0,1701980751,300
3321d291,29.5292,-98.4737,0,0,1701980748,120
3321d5e7,29.5238,-98.4721,0,4,1701980749,11
332195e8,29.5252,-98.4716,0,3,1701980697,320
3321c531,29.5288,-98.4715,0,0,1701980757,286
3321cb9d,29.5235,-98.4696,0,0,1701980753,42
3321cc93,29.5292,-98.472,0,0,1701980756,174
3321ccba,29.5381,-98.485,0,0,1701980755,300
3321d291,29.5292,-98.4737,0,0,1701980748,120
3321d5e7,29.5237,-98.4721,0,4,1701980756,28
332195e8,29.5252,-98.4716,0,3,1701980697,320
3321c531,29.5288,-98.4715,0,0,1701980757,286
3321cb9d,29.5235,-98.4696,0,0,1701980753,42
3321cc93,29.5292,-98.472,0,0,1701980756,174
3321ccba,29.5381,-98.485,0,0,1701980755,300
3321d291,29.5292,-98.4737,0,0,1701980748,120
3321d5e7,29.5237,-98.4721,0,4,1701980756,28
332195e8,29.5252,-98.4716,0,3,1701980697,320
3321c531,29.5288,-98.4715,0,0,1701980757,286
3321cb9d,29.5235,-98.4696,0,0,1701980753,42
3321cc93,29.5292,-98.472,0,0,1701980756,174
3321ccba,29.5381,-98.485,0,0,1701980755,300
3321d291,29.5292,-98.4737,0,0,1701980748,120
3321d5e7,29.5237,-98.4721,0,4,1701980756,28
332195e8,29.5252,-98.4716,0,3,1701980697,320
3321c531,29.5288,-98.4715,0,0,1701980757,286
3321cb9d,29.5235,-98.4696,0,0,1701980757,42
3321cc93,29.5292,-98.472,0,0,1701980756,174
3321ccba,29.5381,-98.485,0,0,1701980760,300
3321d291,29.5292,-98.4737,0,0,1701980758,120
3321d5e7,29.5237,-98.4721,0,4,1701980756,28
332195e8,29.5252,-98.4716,0,3,1701980697,320
3321c531,29.5288,-98.4715,0,0,1701980757,286
3321cb9d,29.5235,-98.4696,0,0,1701980757,42
3321cc93,29.5292,-98.472,0,0,1701980756,174
3321ccba,29.5381,-98.485,0,0,1701980760,300
3321d291,29.5292,-98.4737,0,0,1701980758,120
3321d5e7,29.5237,-98.4721,0,4,1701980756,28
332195e8,29.5252,-98.4716,0,3,1701980697,320
3321c531,29.5288,-98.4715,0,0,1701980757,286
3321cb9d,29.5235,-98.4696,0,0,1701980757,42
3321cc93,29.5292,-98.472,0,0,1701980756,174
3321ccba,29.5381,-98.485,0,0,1701980760,300
3321d291,29.5292,-98.4737,0,0,1701980758,120
3321d5e7,29.5237,-98.4721,0,4,1701980756,28
332195e8,29.5248,-98.4709,0,0,1701980763,216
3321c531,29.5288,-98.4715,0,0,1701980757,286
3321cb9d,29.5235,-98.4696,0,0,1701980762,42
3321cc93,29.5292,-98.472,0,0,1701980761,174
3321ccba,29.5381,-98.485,0,0,1701980764,300
3321d291,29.5292,-98.4737,0,0,1701980763,120
3321d5e7,29.5237,-98.4721,0,4,1701980756,28
332195e8,29.5248,-98.4709,0,0,1701980763,216
3321c531,29.5288,-98.4715,0,0,1701980757,286
3321cb9d,29.5235,-98.4696,0,0,1701980762,42
3321cc93,29.5292,-98.472,0,0,1701980761,174
3321ccba,29.5381,-98.485,0,0,1701980764,300
3321d291,29.5292,-98.4737,0,0,1701980763,120
3321d5e7,29.5237,-98.4721,0,4,1701980756,28
332195e8,29.5248,-98.4709,0,0,1701980763,216
3321c531,29.5288,-98.4715,0,0,1701980757,286
3321cb9d,29.5235,-98.4696,0,0,1701980762,42
3321cc93,29.5292,-98.472,0,0,1701980761,174
3321ccba,29.5381,-98.485,0,0,1701980764,300
3321d291,29.5292,-98.4737,0,0,1701980763,120
3321d5e7,29.5237,-98.4721,0,4,1701980756,28
332195e8,29.5248,-98.4709,0,0,1701980763,216
3321c531,29.5288,-98.4715,0,0,1701980757,286
3321cb9d,29.5235,-98.4696,0,0,1701980762,42
3321cc93,29.5292,-98.472,0,0,1701980761,174
3321ccba,29.5381,-98.485,0,0,1701980764,300
3321d291,29.5292,-98.4737,0,0,1701980763,120
3321d5e7,29.5237,-98.4721,0,4,1701980756,28
332195e8,29.5249,-98.4709,0,2,1701980768,219
3321c531,29.5288,-98.4715,0,0,1701980767,286
3321cb9d,29.5235,-98.4696,0,0,1701980768,42
3321cc93,29.5292,-98.472,0,0,1701980766,174
3321ccba,29.5381,-98.485,0,0,1701980766,300
3321d291,29.5292,-98.4737,0,0,1701980763,120
3321d5e7,29.5237,-98.4721,0,4,1701980756,28
332195e8,29.5249,-98.4709,0,2,1701980768,219
3321c531,29.5288,-98.4715,0,0,1701980767,286
3321cb9d,29.5235,-98.4696,0,0,1701980768,42
3321cc93,29.5292,-98.472,0,0,1701980766,174
3321ccba,29.5381,-98.485,0,0,1701980766,300
3321d291,29.5292,-98.4737,0,0,1701980763,120
3321d5e7,29.5237,-98.4721,0,4,1701980756,28
332195e8,29.5249,-98.4709,0,2,1701980768,219
3321c531,29.5288,-98.4715,0,0,1701980767,286
3321cb9d,29.5235,-98.4696,0,0,1701980768,42
3321cc93,29.5292,-98.472,0,0,1701980766,174
3321ccba,29.5381,-98.485,0,0,1701980766,300
3321d291,29.5292,-98.4737,0,0,1701980763,120
3321d5e7,29.5237,-98.4721,0,4,1701980756,28
332195e8,29.5249,-98.4709,0,2,1701980771,219
3321c531,29.5288,-98.4715,0,0,1701980772,286
3321cb9d,29.5235,-98.4696,0,0,1701980772,42
3321cc93,29.5292,-98.472,0,0,1701980771,174
3321ccba,29.5381,-98.485,0,0,1701980771,300
3321d291,29.5292,-98.4737,0,0,1701980763,120
3321d5e7,29.5237,-98.4721,0,4,1701980756,28
332195e8,29.5249,-98.4709,0,2,1701980771,219
3321c531,29.5288,-98.4715,0,0,1701980772,286
3321cb9d,29.5235,-98.4696,0,0,1701980772,42
3321cc93,29.5292,-98.472,0,0,1701980771,174
3321ccba,29.5381,-98.485,0,0,1701980771,300
3321d291,29.5292,-98.4737,0,0,1701980763,120
3321d5e7,29.5237,-98.4721,0,4,1701980756,28
332195e8,29.5249,-98.4709,0,2,1701980771,219
3321c531,29.5288,-98.4715,0,0,1701980772,286
3321cb9d,29.5235,-98.4696,0,0,1701980772,42
3321cc93,29.5292,-98.472,0,0,1701980771,174
3321ccba,29.5381,-98.485,0,0,1701980771,300
3321d291,29.5292,-98.4737,0,0,1701980763,120
3321d5e7,29.5237,-98.4721,0,4,1701980756,28
332195e8,29.5249,-98.4708,0,1,1701980776,222
3321c531,29.5288,-98.4715,0,0,1701980772,286
3321cb9d,29.5235,-98.4696,0,0,1701980772,42
3321cc93,29.5292,-98.472,0,0,1701980776,174
3321ccba,29.5381,-98.485,0,0,1701980776,300
3321d291,29.5292,-98.4737,0,0,1701980773,120
3321d5e7,29.5237,-98.4721,0,4,1701980756,28
332195e8,29.5249,-98.4708,0,1,1701980776,222
3321c531,29.5288,-98.4715,0,0,1701980772,286
3321cb9d,29.5235,-98.4696,0,0,1701980772,42
3321cc93,29.5292,-98.472,0,0,1701980776,174
3321ccba,29.5381,-98.485,0,0,1701980776,300
3321d291,29.5292,-98.4737,0,0,1701980773,120
3321d5e7,29.5237,-98.4721,0,4,1701980756,28
332195e8,29.5249,-98.4708,0,1,1701980776,222
3321c531,29.5288,-98.4715,0,0,1701980772,286
3321cb9d,29.5235,-98.4696,0,0,1701980772,42
3321cc93,29.5292,-98.472,0,0,1701980776,174
3321ccba,29.5381,-98.485,0,0,1701980776,300
3321d291,29.5292,-98.4737,0,0,1701980773,120
3321d5e7,29.5237,-98.4721,0,4,1701980756,28
332195e8,29.5249,-98.4708,0,1,1701980776,222
3321c531,29.5288,-98.4715,0,0,1701980777,286
3321cb9d,29.5235,-98.4696,0,0,1701980778,42
3321cc93,29.5292,-98.472,0,0,1701980776,174
3321ccba,29.5381,-98.485,0,0,1701980779,300
3321d291,29.5292,-98.4737,0,0,1701980773,120
3321d5e7,29.5237,-98.4721,0,4,1701980756,28
332195e8,29.5249,-98.4708,0,1,1701980776,222
3321c531,29.5288,-98.4715,0,0,1701980777,286
3321cb9d,29.5235,-98.4696,0,0,1701980778,42
3321cc93,29.5292,-98.472,0,0,1701980776,174
3321ccba,29.5381,-98.485,0,0,1701980779,300
3321d291,29.5292,-98.4737,0,0,1701980773,120
3321d5e7,29.5237,-98.4721,0,4,1701980756,28
332195e8,29.5249,-98.4708,0,1,1701980776,222
3321c531,29.5288,-98.4715,0,0,1701980777,286
3321cb9d,29.5235,-98.4696,0,0,1701980778,42
3321cc93,29.5292,-98.472,0,0,1701980776,174
3321ccba,29.5381,-98.485,0,0,1701980779,300
3321d291,29.5292,-98.4737,0,0,1701980773,120
3321d5e7,29.5237,-98.4721,0,4,1701980756,28
332195e8,29.5249,-98.4708,0,1,1701980776,222
3321c531,29.5288,-98.4715,0,0,1701980777,286
3321cb9d,29.5235,-98.4696,0,0,1701980782,42
3321cc93,29.5292,-98.472,0,0,1701980781,174
3321ccba,29.5381,-98.485,0,0,1701980781,300
3321d291,29.5292,-98.4737,0,0,1701980783,120
3321d5e7,29.5237,-98.4721,0,4,1701980756,28
332195e8,29.5249,-98.4708,0,1,1701980776,222
3321c531,29.5288,-98.4715,0,0,1701980777,286
3321cb9d,29.5235,-98.4696,0,0,1701980782,42
3321cc93,29.5292,-98.472,0,0,1701980781,174
3321ccba,29.5381,-98.485,0,0,1701980781,300
3321d291,29.5292,-98.4737,0,0,1701980783,120
3321d5e7,29.5237,-98.4721,0,4,1701980756,28
332195e8,29.5249,-98.4708,0,1,1701980776,222
3321c531,29.5288,-98.4715,0,0,1701980777,286
3321cb9d,29.5235,-98.4696,0,0,1701980782,42
3321cc93,29.5292,-98.472,0,0,1701980781,174
3321ccba,29.5381,-98.485,0,0,1701980781,300
3321d291,29.5292,-98.4737,0,0,1701980783,120
3321d5e7,29.5237,-98.4721,0,4,1701980756,28
332195e8,29.5249,-98.4708,0,1,1701980776,222
3321c531,29.5288,-98.4715,0,0,1701980787,286
3321cb9d,29.5235,-98.4696,0,0,1701980788,42
3321cc93,29.5292,-98.472,0,0,1701980786,174
3321ccba,29.5381,-98.485,0,0,1701980786,300
3321d291,29.5292,-98.4737,0,0,1701980788,120
3321d5e7,29.5237,-98.4721,0,4,1701980756,28
332195e8,29.5249,-98.4708,0,1,1701980776,222
3321c531,29.5288,-98.4715,0,0,1701980787,286
3321cb9d,29.5235,-98.4696,0,0,1701980788,42
3321cc93,29.5292,-98.472,0,0,1701980786,174
3321ccba,29.5381,-98.485,0,0,1701980786,300
3321d291,29.5292,-98.4737,0,0,1701980788,120
3321d5e7,29.5237,-98.4721,0,4,1701980756,28
332195e8,29.5249,-98.4708,0,1,1701980776,222
3321c531,29.5288,-98.4715,0,0,1701980787,286
3321cb9d,29.5235,-98.4696,0,0,1701980788,42
3321cc93,29.5292,-98.472,0,0,1701980786,174
3321ccba,29.5381,-98.485,0,0,1701980786,300
3321d291,29.5292,-98.4737,0,0,1701980788,120
3321d5e7,29.5237,-98.4721,0,4,1701980756,28
332195e8,29.5249,-98.4708,0,1,1701980776,222
3321c531,29.5288,-98.4715,0,0,1701980792,286
3321cb9d,29.5235,-98.4696,0,0,1701980792,42
3321cc93,29.5292,-98.472,0,0,1701980791,174
3321ccba,29.5381,-98.485,0,0,1701980791,300
3321d291,29.5292,-98.4736,0,0,1701980793,109
3321d5e7,29.5237,-98.4721,0,4,1701980756,28
332195e8,29.5249,-98.4708,0,1,1701980776,222
3321c531,29.5288,-98.4715,0,0,1701980792,286
3321cb9d,29.5235,-98.4696,0,0,1701980792,42
3321cc93,29.5292,-98.472,0,0,1701980791,174
3321ccba,29.5381,-98.485,0,0,1701980791,300
3321d291,29.5292,-98.4736,0,0,1701980793,109
3321d5e7,29.5237,-98.4721,0,4,1701980756,28
332195e8,29.5249,-98.4708,0,1,1701980776,222
3321c531,29.5288,-98.4715,0,0,1701980792,286
3321cb9d,29.5235,-98.4696,0,0,1701980792,42
3321cc93,29.5292,-98.472,0,0,1701980791,174
3321ccba,29.5381,-98.485,0,0,1701980791,300
3321d291,29.5292,-98.4736,0,0,1701980793,109
3321d5e7,29.5237,-98.4721,0,4,1701980756,28
332195e8,29.5249,-98.4708,0,1,1701980776,222
3321c531,29.5288,-98.4715,0,0,1701980792,286
3321cb9d,29.5235,-98.4696,0,0,1701980792,42
3321cc93,29.5292,-98.472,0,0,1701980791,174
3321ccba,29.5381,-98.485,0,0,1701980791,300
3321d291,29.5292,-98.4736,0,0,1701980793,109
3321d5e7,29.5237,-98.4721,0,4,1701980756,28
332195e8,29.5249,-98.4708,0,1,1701980776,222
3321c531,29.5288,-98.4715,0,0,1701980792,286
3321cb9d,29.5235,-98.4696,0,0,1701980792,42
3321cc93,29.5292,-98.472,0,0,1701980796,174
3321ccba,29.5381,-98.485,0,0,1701980796,300
3321d291,29.5292,-98.4736,0,0,1701980793,109
3321d5e7,29.5237,-98.4721,0,4,1701980756,28
332195e8,29.5249,-98.4708,0,1,1701980776,222
3321c531,29.5288,-98.4715,0,0,1701980792,286
3321cb9d,29.5235,-98.4696,0,0,1701980792,42
3321cc93,29.5292,-98.472,0,0,1701980796,174
3321ccba,29.5381,-98.485,0,0,1701980796,300
3321d291,29.5292,-98.4736,0,0,1701980793,109
3321d5e7,29.5237,-98.4721,0,4,1701980756,28
332195e8,29.5249,-98.4708,0,1,1701980776,222
3321c531,29.5288,-98.4715,0,0,1701980797,286
3321cb9d,29.5235,-98.4696,0,0,1701980797,42
3321cc93,29.5292,-98.472,0,0,1701980796,174
3321ccba,29.5381,-98.485,0,0,1701980801,300
3321d291,29.5292,-98.4735,0,3,1701980801,67
3321d5e7,29.5237,-98.4721,0,4,1701980756,28
332195e8,29.5249,-98.4708,0,1,1701980776,222
3321c531,29.5288,-98.4715,0,0,1701980797,286
3321cb9d,29.5235,-98.4696,0,0,1701980797,42
3321cc93,29.5292,-98.472,0,0,1701980796,174
3321ccba,29.5381,-98.485,0,0,1701980801,300
3321d291,29.5292,-98.4735,0,3,1701980801,67
3321d5e7,29.5237,-98.4721,0,4,1701980756,28
332195e8,29.5249,-98.4708,0,1,1701980776,222
3321c531,29.5288,-98.4715,0,0,1701980797,286
3321cb9d,29.5235,-98.4696,0,0,1701980797,42
3321cc93,29.5292,-98.472,0,0,1701980796,174
3321ccba,29.5381,-98.485,0,0,1701980801,300
3321d291,29.5292,-98.4735,0,3,1701980801,67
3321d5e7,29.5237,-98.4721,0,4,1701980756,28
332195e8,29.5249,-98.4708,0,1,1701980776,222
3321c531,29.5288,-98.4715,0,0,1701980797,286
3321cb9d,29.5235,-98.4696,0,0,1701980797,42
3321cc93,29.5292,-98.472,0,0,1701980796,174
3321ccba,29.5381,-98.485,0,0,1701980801,300
3321d291,29.5292,-98.4735,0,3,1701980801,67
3321d5e7,29.5237,-98.4721,0,4,1701980756,28
332195e8,29.5249,-98.4708,0,1,1701980776,222
3321c531,29.5288,-98.4715,0,0,1701980802,286
3321cb9d,29.5235,-98.4696,0,0,1701980802,42
3321cc93,29.5292,-98.472,0,0,1701980801,174
3321ccba,29.5381,-98.485,0,0,1701980804,300
3321d291,29.5293,-98.4734,0,4,1701980805,47
3321d5e7,29.5237,-98.4721,0,4,1701980756,28
332195e8,29.5249,-98.4708,0,1,1701980776,222
3321c531,29.5288,-98.4715,0,0,1701980802,286
3321cb9d,29.5235,-98.4696,0,0,1701980802,42
3321cc93,29.5292,-98.472,0,0,1701980801,174
3321ccba,29.5381,-98.485,0,0,1701980804,300
3321d291,29.5293,-98.4734,0,4,1701980805,47
3321d5e7,29.5237,-98.4721,0,4,1701980756,28
332195e8,29.5249,-98.4708,0,1,1701980776,222
3321c531,29.5288,-98.4715,0,0,1701980802,286
3321cb9d,29.5235,-98.4696,0,0,1701980802,42
3321cc93,29.5292,-98.472,0,0,1701980801,174
3321ccba,29.5381,-98.485,0,0,1701980804,300
3321d291,29.5293,-98.4734,0,4,1701980805,47
3321d5e7,29.5237,-98.4721,0,4,1701980756,28
332195e8,29.5249,-98.4708,0,1,1701980776,222
3321c531,29.5288,-98.4715,0,0,1701980807,286
3321cb9d,29.5235,-98.4696,0,0,1701980807,42
3321cc93,29.5292,-98.472,0,0,1701980801,174
3321ccba,29.5381,-98.485,0,0,1701980806,300
3321d291,29.5293,-98.4734,0,5,1701980809,33
3321d5e7,29.5237,-98.4721,0,4,1701980756,28
332195e8,29.5249,-98.4708,0,1,1701980776,222
3321c531,29.5288,-98.4715,0,0,1701980807,286
3321cb9d,29.5235,-98.4696,0,0,1701980807,42
3321cc93,29.5292,-98.472,0,0,1701980801,174
3321ccba,29.5381,-98.485,0,0,1701980806,300
3321d291,29.5293,-98.4734,0,5,1701980809,33
3321d5e7,29.5237,-98.4721,0,4,1701980756,28
332195e8,29.5249,-98.4708,0,1,1701980776,222
3321c531,29.5288,-98.4715,0,0,1701980807,286
3321cb9d,29.5235,-98.4696,0,0,1701980807,42
3321cc93,29.5292,-98.472,0,0,1701980801,174
3321ccba,29.5381,-98.485,0,0,1701980806,300
3321d291,29.5293,-98.4734,0,5,1701980809,33
3321d5e7,29.5237,-98.4721,0,4,1701980756,28
332195e8,29.5249,-98.4708,0,1,1701980776,222
3321c531,29.5288,-98.4715,0,0,1701980812,286
3321cb9d,29.5235,-98.4696,0,0,1701980812,42
3321cc93,29.5292,-98.472,0,0,1701980811,174
3321ccba,29.5381,-98.485,0,0,1701980811,300
3321d291,29.5294,-98.4733,0,5,1701980813,30
3321d5e7,29.5237,-98.4721,0,4,1701980756,28
332195e8,29.5249,-98.4708,0,1,1701980776,222
3321c531,29.5288,-98.4715,0,0,1701980812,286
3321cb9d,29.5235,-98.4696,0,0,1701980812,42
3321cc93,29.5292,-98.472,0,0,1701980811,174
3321ccba,29.5381,-98.485,0,0,1701980811,300
3321d291,29.5294,-98.4733,0,5,1701980813,30
3321d5e7,29.5237,-98.4721,0,4,1701980756,28
332195e8,29.5249,-98.4708,0,1,1701980776,222
3321c531,29.5288,-98.4715,0,0,1701980812,286
3321cb9d,29.5235,-98.4696,0,0,1701980812,42
3321cc93,29.5292,-98.472,0,0,1701980811,174
3321ccba,29.5381,-98.485,0,0,1701980811,300
3321d291,29.5294,-98.4733,0,5,1701980813,30
3321d5e7,29.5237,-98.4721,0,4,1701980756,28
332195e8,29.5249,-98.4708,0,1,1701980776,222
3321c531,29.5288,-98.4715,0,0,1701980812,286
3321cb9d,29.5235,-98.4696,0,0,1701980817,42
3321cc93,29.5292,-98.472,0,0,1701980816,174
3321ccba,29.5381,-98.485,0,0,1701980816,300
3321d291,29.5295,-98.4733,0,6,1701980817,30
3321d5e7,29.5237,-98.4721,0,4,1701980756,28
332195e8,29.5249,-98.4708,0,1,1701980776,222
3321c531,29.5288,-98.4715,0,0,1701980812,286
3321cb9d,29.5235,-98.4696,0,0,1701980817,42
3321cc93,29.5292,-98.472,0,0,1701980816,174
3321ccba,29.5381,-98.485,0,0,1701980816,300
3321d291,29.5295,-98.4733,0,6,1701980817,30
3321d5e7,29.5237,-98.4721,0,4,1701980756,28
332195e8,29.5249,-98.4708,0,1,1701980776,222
3321c531,29.5288,-98.4715,0,0,1701980812,286
3321cb9d,29.5235,-98.4696,0,0,1701980817,42
3321cc93,29.5292,-98.472,0,0,1701980816,174
3321ccba,29.5381,-98.485,0,0,1701980816,300
3321d291,29.5295,-98.4733,0,6,1701980817,30
3321d5e7,29.5237,-98.4721,0,4,1701980756,28
332195e8,29.5249,-98.4708,0,1,1701980776,222
3321c531,29.5288,-98.4715,0,0,1701980812,286
3321cb9d,29.5235,-98.4696,0,0,1701980817,42
3321cc93,29.5292,-98.472,0,0,1701980816,174
3321ccba,29.5381,-98.485,0,0,1701980821,300
3321d291,29.5296,-98.4732,0,6,1701980820,33
3321d5e7,29.5237,-98.4721,0,4,1701980756,28
332195e8,29.5249,-98.4708,0,1,1701980776,222
3321c531,29.5288,-98.4715,0,0,1701980812,286
3321cb9d,29.5235,-98.4696,0,0,1701980817,42
3321cc93,29.5292,-98.472,0,0,1701980816,174
3321ccba,29.5381,-98.485,0,0,1701980821,300
3321d291,29.5296,-98.4732,0,6,1701980820,33
3321d5e7,29.5237,-98.4721,0,4,1701980756,28
332195e8,29.5249,-98.4708,0,1,1701980776,222
3321c531,29.5288,-98.4715,0,0,1701980812,286
3321cb9d,29.5235,-98.4696,0,0,1701980817,42
3321cc93,29.5292,-98.472,0,0,1701980816,174
3321ccba,29.5381,-98.485,0,0,1701980821,300
3321d291,29.5296,-98.4732,0,6,1701980820,33
3321d5e7,29.5237,-98.4721,0,4,1701980756,28
332195e8,29.5249,-98.4708,0,1,1701980776,222
3321c531,29.5288,-98.4715,0,0,1701980812,286
3321cb9d,29.5235,-98.4696,0,0,1701980817,42
3321cc93,29.5292,-98.472,0,0,1701980816,174
3321ccba,29.5381,-98.485,0,0,1701980821,300
3321d291,29.5296,-98.4732,0,6,1701980820,33
3321d5e7,29.5237,-98.4721,0,4,1701980756,28
332195e8,29.5249,-98.4708,0,1,1701980776,222
3321c531,29.5288,-98.4715,0,0,1701980822,286
3321cb9d,29.5235,-98.4696,0,0,1701980822,42
3321cc93,29.5292,-98.472,0,0,1701980821,174
3321ccba,29.5381,-98.485,0,0,1701980824,300
3321d291,29.5297,-98.4731,0,7,1701980824,36
3321d5e7,29.5237,-98.4721,0,4,1701980756,28
332195e8,29.5249,-98.4708,0,1,1701980776,222
3321c531,29.5288,-98.4715,0,0,1701980822,286
3321cb9d,29.5235,-98.4696,0,0,1701980822,42
3321cc93,29.5292,-98.472,0,0,1701980821,174
3321ccba,29.5381,-98.485,0,0,1701980824,300
3321d291,29.5297,-98.4731,0,7,1701980824,36
3321d5e7,29.5237,-98.4721,0,4,1701980756,28
332195e8,29.5249,-98.4708,0,1,1701980776,222
3321c531,29.5288,-98.4715,0,0,1701980822,286
3321cb9d,29.5235,-98.4696,0,0,1701980822,42
3321cc93,29.5292,-98.472,0,0,1701980821,174
3321ccba,29.5381,-98.485,0,0,1701980824,300
3321d291,29.5297,-98.4731,0,7,1701980824,36
3321d5e7,29.5237,-98.4721,0,4,1701980756,28
332195e8,29.5249,-98.4708,0,1,1701980776,222
3321c531,29.5288,-98.4714,0,0,1701980827,286
3321cb9d,29.5235,-98.4696,0,0,1701980827,42
3321cc93,29.5292,-98.472,0,0,1701980826,174
3321ccba,29.5381,-98.485,0,0,1701980829,300
3321d291,29.5298,-98.473,0,7,1701980828,39
3321d5e7,29.5237,-98.4721,0,4,1701980756,28
332195e8,29.5249,-98.4708,0,1,1701980776,222
3321c531,29.5288,-98.4714,0,0,1701980827,286
3321cb9d,29.5235,-98.4696,0,0,1701980827,42
3321cc93,29.5292,-98.472,0,0,1701980826,174
3321ccba,29.5381,-98.485,0,0,1701980829,300
3321d291,29.5298,-98.473,0,7,1701980828,39
3321d5e7,29.5237,-98.4721,0,4,1701980756,28
332195e8,29.5249,-98.4708,0,1,1701980776,222
3321c531,29.5288,-98.4714,0,0,1701980827,286
3321cb9d,29.5235,-98.4696,0,0,1701980827,42
3321cc93,29.5292,-98.472,0,0,1701980826,174
3321ccba,29.5381,-98.485,0,0,1701980829,300
3321d291,29.5298,-98.473,0,7,1701980828,39
3321d5e7,29.5237,-98.4721,0,4,1701980756,28
332195e8,29.5249,-98.4708,0,1,1701980776,222
3321c531,29.5288,-98.4714,0,2,1701980832,286
3321cb9d,29.5235,-98.4696,0,0,1701980832,42
3321cc93,29.5292,-98.472,0,0,1701980831,174
3321ccba,29.5381,-98.485,0,0,1701980831,300
3321d291,29.5299,-98.473,0,8,1701980830,39
3321d5e7,29.5237,-98.4721,0,4,1701980756,28
332195e8,29.5249,-98.4708,0,1,1701980776,222
3321c531,29.5288,-98.4714,0,2,1701980832,286
3321cb9d,29.5235,-98.4696,0,0,1701980832,42
3321cc93,29.5292,-98.472,0,0,1701980831,174
3321ccba,29.5381,-98.485,0,0,1701980831,300
3321d291,29.5299,-98.473,0,8,1701980830,39
3321d5e7,29.5237,-98.4721,0,4,1701980756,28
332195e8,29.5249,-98.4708,0,1,1701980776,222
3321c531,29.5288,-98.4714,0,2,1701980832,286
3321cb9d,29.5235,-98.4696,0,0,1701980832,42
3321cc93,29.5292,-98.472,0,0,1701980831,174
3321ccba,29.5381,-98.485,0,0,1701980831,300
3321d291,29.5299,-98.473,0,8,1701980830,39
3321d5e7,29.5237,-98.4721,0,4,1701980756,28
332195e8,29.5249,-98.4708,0,1,1701980776,222
3321c531,29.5288,-98.4713,0,2,1701980836,286
3321cb9d,29.5235,-98.4696,0,0,1701980832,42
3321cc93,29.5292,-98.472,0,0,1701980836,174
3321ccba,29.5381,-98.485,0,0,1701980836,300
3321d291,29.5299,-98.473,0,8,1701980830,39
3321d5e7,29.5237,-98.4721,0,4,1701980756,28
332195e8,29.5249,-98.4708,0,1,1701980776,222
3321c531,29.5288,-98.4713,0,2,1701980836,286
3321cb9d,29.5235,-98.4696,0,0,1701980832,42
3321cc93,29.5292,-98.472,0,0,1701980836,174
3321ccba,29.5381,-98.485,0,0,1701980836,300
3321d291,29.5299,-98.473,0,8,1701980830,39
3321d5e7,29.5237,-98.4721,0,4,1701980756,28
332195e8,29.5249,-98.4708,0,1,1701980776,222
3321c531,29.5288,-98.4713,0,2,1701980836,286
3321cb9d,29.5235,-98.4696,0,0,1701980832,42
3321cc93,29.5292,-98.472,0,0,1701980836,174
3321ccba,29.5381,-98.485,0,0,1701980836,300
3321d291,29.5299,-98.473,0,8,1701980830,39
3321d5e7,29.5237,-98.4721,0,4,1701980756,28
332195e8,29.5249,-98.4708,0,1,1701980776,222
3321c531,29.5288,-98.4713,0,3,1701980841,286
3321cb9d,29.5235,-98.4696,0,0,1701980837,42
3321cc93,29.5292,-98.472,0,0,1701980836,174
3321ccba,29.5381,-98.485,0,0,1701980841,300
3321d291,29.5299,-98.473,0,8,1701980830,39
3321d5e7,29.5237,-98.4721,0,4,1701980756,28
332195e8,29.5249,-98.4708,0,1,1701980776,222
3321c531,29.5288,-98.4713,0,3,1701980841,286
3321cb9d,29.5235,-98.4696,0,0,1701980837,42
3321cc93,29.5292,-98.472,0,0,1701980836,174
3321ccba,29.5381,-98.485,0,0,1701980841,300
3321d291,29.5299,-98.473,0,8,1701980830,39
3321d5e7,29.5237,-98.4721,0,4,1701980756,28
332195e8,29.5249,-98.4708,0,1,1701980776,222
3321c531,29.5288,-98.4713,0,3,1701980841,286
3321cb9d,29.5235,-98.4696,0,0,1701980837,42
3321cc93,29.5292,-98.472,0,0,1701980836,174
3321ccba,29.5381,-98.485,0,0,1701980841,300
3321d291,29.5299,-98.473,0,8,1701980830,39
3321d5e7,29.5237,-98.4721,0,4,1701980756,28
332195e8,29.5249,-98.4708,0,1,1701980776,222
3321c531,29.5288,-98.4713,0,3,1701980841,286
3321cb9d,29.5235,-98.4696,0,0,1701980837,42
3321cc93,29.5292,-98.472,0,0,1701980836,174
3321ccba,29.5381,-98.485,0,0,1701980841,300
3321d291,29.5299,-98.473,0,8,1701980830,39
3321d5e7,29.5237,-98.4721,0,4,1701980756,28
332195e8,29.5249,-98.4708,0,1,1701980776,222
3321c531,29.5288,-98.4713,0,2,1701980844,289
3321cb9d,29.5235,-98.4696,0,0,1701980842,42
3321cc93,29.5292,-98.472,0,0,1701980841,174
3321ccba,29.5381,-98.485,0,0,1701980844,300
3321d291,29.5302,-98.4726,0,7,1701980844,30
332195e8,29.5249,-98.4708,0,1,1701980776,222
3321c531,29.5288,-98.4713,0,2,1701980844,289
3321cb9d,29.5235,-98.4696,0,0,1701980842,42
3321cc93,29.5292,-98.472,0,0,1701980841,174
3321ccba,29.5381,-98.485,0,0,1701980844,300
3321d291,29.5302,-98.4726,0,7,1701980844,30
332195e8,29.5249,-98.4708,0,1,1701980776,222
3321c531,29.5288,-98.4713,0,2,1701980844,289
3321cb9d,29.5235,-98.4696,0,0,1701980842,42
3321cc93,29.5292,-98.472,0,0,1701980841,174
3321ccba,29.5381,-98.485,0,0,1701980844,300
3321d291,29.5302,-98.4726,0,7,1701980844,30
332195e8,29.5249,-98.4708,0,1,1701980776,222
3321c531,29.5288,-98.4712,0,3,1701980848,295
3321cb9d,29.5235,-98.4696,0,0,1701980847,42
3321cc93,29.5292,-98.472,0,0,1701980846,174
3321ccba,29.5381,-98.485,0,0,1701980846,300
3321d291,29.5302,-98.4726,0,7,1701980844,30
332195e8,29.5249,-98.4708,0,1,1701980776,222
3321c531,29.5288,-98.4712,0,3,1701980848,295
3321cb9d,29.5235,-98.4696,0,0,1701980847,42
3321cc93,29.5292,-98.472,0,0,1701980846,174
3321ccba,29.5381,-98.485,0,0,1701980846,300
3321d291,29.5302,-98.4726,0,7,1701980844,30
332195e8,29.5249,-98.4708,0,1,1701980776,222
3321c531,29.5288,-98.4712,0,3,1701980848,295
3321cb9d,29.5235,-98.4696,0,0,1701980847,42
3321cc93,29.5292,-98.472,0,0,1701980846,174
3321ccba,29.5381,-98.485,0,0,1701980846,300
3321d291,29.5302,-98.4726,0,7,1701980844,30
332195e8,29.5249,-98.4708,0,1,1701980776,222
3321c531,29.5288,-98.4711,0,3,1701980852,300
3321cb9d,29.5235,-98.4696,0,0,1701980852,42
3321cc93,29.5292,-98.472,0,0,1701980851,174
3321ccba,29.5381,-98.485,0,0,1701980851,300
3321d291,29.5302,-98.4726,0,7,1701980844,30
332195e8,29.5249,-98.4708,0,1,1701980776,222
3321c531,29.5288,-98.4711,0,3,1701980852,300
3321cb9d,29.5235,-98.4696,0,0,1701980852,42
3321cc93,29.5292,-98.472,0,0,1701980851,174
3321ccba,29.5381,-98.485,0,0,1701980851,300
3321d291,29.5302,-98.4726,0,7,1701980844,30
332195e8,29.5249,-98.4708,0,1,1701980776,222
3321c531,29.5288,-98.4711,0,3,1701980852,300
3321cb9d,29.5235,-98.4696,0,0,1701980852,42
3321cc93,29.5292,-98.472,0,0,1701980851,174
3321ccba,29.5381,-98.485,0,0,1701980851,300
3321d291,29.5302,-98.4726,0,7,1701980844,30
332195e8,29.5249,-98.4708,0,1,1701980776,222
3321c531,29.5287,-98.4711,0,3,1701980857,309
3321cb9d,29.5235,-98.4696,0,0,1701980852,42
3321cc93,29.5292,-98.472,0,0,1701980856,174
3321ccba,29.5381,-98.485,0,0,1701980856,300
3321d291,29.5302,-98.4726,0,7,1701980844,30
332195e8,29.5249,-98.4708,0,1,1701980776,222
3321c531,29.5287,-98.4711,0,3,1701980857,309
3321cb9d,29.5235,-98.4696,0,0,1701980852,42
3321cc93,29.5292,-98.472,0,0,1701980856,174
3321ccba,29.5381,-98.485,0,0,1701980856,300
3321d291,29.5302,-98.4726,0,7,1701980844,30
332195e8,29.5249,-98.4708,0,1,1701980776,222
3321c531,29.5287,-98.4711,0,3,1701980857,309
3321cb9d,29.5235,-98.4696,0,0,1701980852,42
3321cc93,29.5292,-98.472,0,0,1701980856,174
3321ccba,29.5381,-98.485,0,0,1701980856,300
3321d291,29.5302,-98.4726,0,7,1701980844,30
332195e8,29.5249,-98.4708,0,1,1701980776,222
3321c531,29.5287,-98.471,0,3,1701980861,317
3321cb9d,29.5238,-98.4693,0,19,1701980861,42
3321cc93,29.5292,-98.472,0,0,1701980861,174
3321ccba,29.5381,-98.485,0,0,1701980859,300
3321d291,29.5307,-98.4725,0,0,1701980857,354
332195e8,29.5249,-98.4708,0,1,1701980776,222
3321c531,29.5287,-98.471,0,3,1701980861,317
3321cb9d,29.5238,-98.4693,0,19,1701980861,42
3321cc93,29.5292,-98.472,0,0,1701980861,174
3321ccba,29.5381,-98.485,0,0,1701980859,300
3321d291,29.5307,-98.4725,0,0,1701980857,354
332195e8,29.5249,-98.4708,0,1,1701980776,222
3321c531,29.5287,-98.471,0,3,1701980861,317
3321cb9d,29.5238,-98.4693,0,19,1701980861,42
3321cc93,29.5292,-98.472,0,0,1701980861,174
3321ccba,29.5381,-98.485,0,0,1701980859,300
3321d291,29.5307,-98.4725,0,0,1701980857,354
332195e8,29.5249,-98.4708,0,1,1701980776,222
3321c531,29.5287,-98.471,0,3,1701980865,326
3321cb9d,29.5243,-98.4689,0,39,1701980865,39
3321cc93,29.5292,-98.472,0,0,1701980861,174
3321ccba,29.5381,-98.485,0,0,1701980861,300
3321d291,29.5309,-98.4726,0,0,1701980863,343
3321c531,29.5287,-98.471,0,3,1701980865,326
3321cb9d,29.5243,-98.4689,0,39,1701980865,39
3321cc93,29.5292,-98.472,0,0,1701980861,174
3321ccba,29.5381,-98.485,0,0,1701980861,300
3321d291,29.5309,-98.4726,0,0,1701980863,343
3321c531,29.5287,-98.471,0,3,1701980865,326
3321cb9d,29.5243,-98.4689,0,39,1701980865,39
3321cc93,29.5292,-98.472,0,0,1701980861,174
3321ccba,29.5381,-98.485,0,0,1701980861,300
3321d291,29.5309,-98.4726,0,0,1701980863,343
3321c531,29.5286,-98.4709,0,3,1701980869,334
3321cb9d,29.5251,-98.4681,0,58,1701980869,42
3321cc93,29.5292,-98.472,0,0,1701980866,174
3321ccba,29.5381,-98.485,0,0,1701980866,300
3321d291,29.531,-98.4726,0,7,1701980867,337
3321c531,29.5286,-98.4709,0,3,1701980869,334
3321cb9d,29.5251,-98.4681,0,58,1701980869,42
3321cc93,29.5292,-98.472,0,0,1701980866,174
3321ccba,29.5381,-98.485,0,0,1701980866,300
3321d291,29.531,-98.4726,0,7,1701980867,337
3321c531,29.5286,-98.4709,0,3,1701980869,334
3321cb9d,29.5251,-98.4681,0,58,1701980869,42
3321cc93,29.5292,-98.472,0,0,1701980866,174
3321ccba,29.5381,-98.485,0,0,1701980866,300
3321d291,29.531,-98.4726,0,7,1701980867,337
3321c531,29.5286,-98.4709,0,3,1701980869,334
3321cb9d,29.5251,-98.4681,0,58,1701980869,42
3321cc93,29.5292,-98.472,0,0,1701980866,174
3321ccba,29.5381,-98.485,0,0,1701980866,300
3321d291,29.531,-98.4726,0,7,1701980867,337
3321c531,29.5286,-98.4709,0,3,1701980873,343
3321cb9d,29.5261,-98.467,0,76,1701980873,42
3321cc93,29.5292,-98.472,0,0,1701980870,174
3321ccba,29.5381,-98.485,0,0,1701980871,300
3321d291,29.5312,-98.4727,0,8,1701980873,329
3321c531,29.5286,-98.4709,0,3,1701980873,343
3321cb9d,29.5261,-98.467,0,76,1701980873,42
3321cc93,29.5292,-98.472,0,0,1701980870,174
3321ccba,29.5381,-98.485,0,0,1701980871,300
3321d291,29.5312,-98.4727,0,8,1701980873,329
3321c531,29.5286,-98.4709,0,3,1701980873,343
3321cb9d,29.5261,-98.467,0,76,1701980873,42
3321cc93,29.5292,-98.472,0,0,1701980870,174
3321ccba,29.5381,-98.485,0,0,1701980871,300
3321d291,29.5312,-98.4727,0,8,1701980873,329
3321c531,29.5285,-98.4709,0,3,1701980877,354
3321cb9d,29.5275,-98.4658,0,96,1701980877,42
3321cc93,29.5292,-98.472,0,0,1701980875,174
3321ccba,29.5381,-98.485,0,0,1701980876,300
3321d291,29.5313,-98.4729,0,9,1701980877,329
3321c531,29.5285,-98.4709,0,3,1701980877,354
3321cb9d,29.5275,-98.4658,0,96,1701980877,42
3321cc93,29.5292,-98.472,0,0,1701980875,174
3321ccba,29.5381,-98.485,0,0,1701980876,300
3321d291,29.5313,-98.4729,0,9,1701980877,329
3321c531,29.5285,-98.4709,0,3,1701980877,354
3321cb9d,29.5275,-98.4658,0,96,1701980877,42
3321cc93,29.5292,-98.472,0,0,1701980875,174
3321ccba,29.5381,-98.485,0,0,1701980876,300
3321d291,29.5313,-98.4729,0,9,1701980877,329
3321c531,29.5285,-98.4708,0,3,1701980880,2
3321cc93,29.5292,-98.472,0,0,1701980875,174
3321ccba,29.5381,-98.485,0,0,1701980881,300
3321d291,29.5314,-98.4729,0,10,1701980880,323
3321c531,29.5285,-98.4708,0,3,1701980880,2
3321cc93,29.5292,-98.472,0,0,1701980875,174
3321ccba,29.5381,-98.485,0,0,1701980881,300
3321d291,29.5314,-98.4729,0,10,1701980880,323
3321c531,29.5284,-98.4708,0,5,1701980884,5
3321cc93,29.5292,-98.472,0,0,1701980881,174
3321ccba,29.5381,-98.485,0,0,1701980885,300
3321d291,29.5316,-98.4731,0,10,1701980884,317
3321c531,29.5284,-98.4708,0,5,1701980884,5
3321cc93,29.5292,-98.472,0,0,1701980881,174
3321ccba,29.5381,-98.485,0,0,1701980885,300
3321d291,29.5316,-98.4731,0,10,1701980884,317
3321c531,29.5284,-98.4708,0,5,1701980884,5
3321cc93,29.5292,-98.472,0,0,1701980881,174
3321ccba,29.5381,-98.485,0,0,1701980885,300
3321d291,29.5316,-98.4731,0,10,1701980884,317
3321c531,29.5284,-98.4708,0,3,1701980888,8
3321cc93,29.5292,-98.472,0,0,1701980886,174
3321ccba,29.5381,-98.485,0,0,1701980886,300
3321d291,29.5317,-98.4732,0,11,1701980888,312
3321c531,29.5284,-98.4708,0,3,1701980888,8
3321cc93,29.5292,-98.472,0,0,1701980886,174
3321ccba,29.5381,-98.485,0,0,1701980886,300
3321d291,29.5317,-98.4732,0,11,1701980888,312
3321c531,29.5284,-98.4708,0,3,1701980888,8
3321cc93,29.5292,-98.472,0,0,1701980886,174
3321ccba,29.5381,-98.485,0,0,1701980886,300
3321d291,29.5317,-98.4732,0,11,1701980888,312
3321c531,29.5284,-98.4708,0,3,1701980888,8
3321cc93,29.5292,-98.472,0,0,1701980886,174
3321ccba,29.5381,-98.485,0,0,1701980886,300
3321d291,29.5317,-98.4732,0,11,1701980888,312
3321c531,29.5283,-98.4708,0,3,1701980892,19
3321cc93,29.5292,-98.472,0,0,1701980891,174
3321ccba,29.5381,-98.485,0,0,1701980891,300
3321d291,29.5317,-98.4732,0,11,1701980888,312
3321c531,29.5283,-98.4708,0,3,1701980892,19
3321cc93,29.5292,-98.472,0,0,1701980891,174
3321ccba,29.5381,-98.485,0,0,1701980891,300
3321d291,29.5317,-98.4732,0,11,1701980888,312
3321c531,29.5283,-98.4708,0,3,1701980892,19
3321cc93,29.5292,-98.472,0,0,1701980891,174
3321ccba,29.5381,-98.485,0,0,1701980891,300
3321d291,29.5317,-98.4732,0,11,1701980888,312
332195e8,29.5249,-98.4708,0,0,1701980896,199
3321c531,29.5283,-98.4708,0,2,1701980896,30
3321cc93,29.5292,-98.472,0,0,1701980896,174
3321ccba,29.5381,-98.485,0,0,1701980896,300
3321d291,29.5319,-98.4735,0,11,1701980895,312
332195e8,29.5249,-98.4708,0,0,1701980896,199
3321c531,29.5283,-98.4708,0,2,1701980896,30
3321cc93,29.5292,-98.472,0,0,1701980896,174
3321ccba,29.5381,-98.485,0,0,1701980896,300
3321d291,29.5319,-98.4735,0,11,1701980895,312
332195e8,29.5249,-98.4708,0,0,1701980896,199
3321c531,29.5283,-98.4708,0,2,1701980896,30
3321cc93,29.5292,-98.472,0,0,1701980896,174
3321ccba,29.5381,-98.485,0,0,1701980896,300
3321d291,29.5319,-98.4735,0,11,1701980895,312
332195e8,29.5248,-98.4708,0,4,1701980897,191
3321c531,29.5282,-98.4709,0,2,1701980899,36
3321cc93,29.5292,-98.472,0,0,1701980901,174
3321ccba,29.5381,-98.485,0,0,1701980900,300
3321d291,29.5321,-98.4738,0,10,1701980900,312
332195e8,29.5248,-98.4708,0,4,1701980897,191
3321c531,29.5282,-98.4709,0,2,1701980899,36
3321cc93,29.5292,-98.472,0,0,1701980901,174
3321ccba,29.5381,-98.485,0,0,1701980900,300
3321d291,29.5321,-98.4738,0,10,1701980900,312
332195e8,29.5248,-98.4708,0,4,1701980897,191
3321c531,29.5282,-98.4709,0,2,1701980899,36
3321cc93,29.5292,-98.472,0,0,1701980901,174
3321ccba,29.5381,-98.485,0,0,1701980900,300
3321d291,29.5321,-98.4738,0,10,1701980900,312
332195e8,29.5248,-98.4708,0,4,1701980897,191
3321c531,29.5282,-98.4709,0,2,1701980904,39
3321cc93,29.5292,-98.472,0,0,1701980901,174
3321ccba,29.5381,-98.485,0,0,1701980904,300
3321d291,29.5323,-98.4739,0,10,1701980905,312
332195e8,29.5248,-98.4708,0,4,1701980897,191
3321c531,29.5282,-98.4709,0,2,1701980904,39
3321cc93,29.5292,-98.472,0,0,1701980901,174
3321ccba,29.5381,-98.485,0,0,1701980904,300
3321d291,29.5323,-98.4739,0,10,1701980905,312
332195e8,29.5248,-98.4708,0,4,1701980897,191
3321c531,29.5282,-98.4709,0,2,1701980904,39
3321cc93,29.5292,-98.472,0,0,1701980901,174
3321ccba,29.5381,-98.485,0,0,1701980904,300
3321d291,29.5323,-98.4739,0,10,1701980905,312
332195e8,29.5248,-98.4708,0,4,1701980897,191
3321c531,29.5282,-98.4709,0,2,1701980908,39
3321cc93,29.5292,-98.472,0,0,1701980905,174
3321ccba,29.5381,-98.485,0,0,1701980906,300
3321d291,29.5324,-98.4741,0,9,1701980908,312
332195e8,29.5248,-98.4708,0,4,1701980897,191
3321c531,29.5282,-98.4709,0,2,1701980908,39
3321cc93,29.5292,-98.472,0,0,1701980905,174
3321ccba,29.5381,-98.485,0,0,1701980906,300
3321d291,29.5324,-98.4741,0,9,1701980908,312
332195e8,29.5248,-98.4708,0,4,1701980897,191
3321c531,29.5282,-98.4709,0,2,1701980908,39
3321cc93,29.5292,-98.472,0,0,1701980905,174
3321ccba,29.5381,-98.485,0,0,1701980906,300
3321d291,29.5324,-98.4741,0,9,1701980908,312
332195e8,29.5248,-98.4708,0,4,1701980897,191
3321c531,29.5282,-98.4709,0,1,1701980913,39
3321cc93,29.5292,-98.472,0,0,1701980911,174
3321ccba,29.5381,-98.485,0,0,1701980910,300
3321d291,29.5325,-98.4742,0,9,1701980912,312
332195e8,29.5248,-98.4708,0,4,1701980897,191
3321c531,29.5282,-98.4709,0,1,1701980913,39
3321cc93,29.5292,-98.472,0,0,1701980911,174
3321ccba,29.5381,-98.485,0,0,1701980910,300
3321d291,29.5325,-98.4742,0,9,1701980912,312
332195e8,29.5248,-98.4708,0,4,1701980897,191
3321c531,29.5282,-98.4709,0,1,1701980913,39
3321cc93,29.5292,-98.472,0,0,1701980911,174
3321ccba,29.5381,-98.485,0,0,1701980910,300
3321d291,29.5325,-98.4742,0,9,1701980912,312
332195e8,29.5247,-98.4702,0,8,1701980917,73
3321c531,29.5282,-98.4709,0,1,1701980917,39
3321cc93,29.5292,-98.472,0,0,1701980915,174
3321ccba,29.5381,-98.485,0,0,1701980916,300
3321d291,29.5326,-98.4744,0,9,1701980917,309
332195e8,29.5247,-98.4702,0,8,1701980917,73
3321c531,29.5282,-98.4709,0,1,1701980917,39
3321cc93,29.5292,-98.472,0,0,1701980915,174
3321ccba,29.5381,-98.485,0,0,1701980916,300
3321d291,29.5326,-98.4744,0,9,1701980917,309
332195e8,29.5247,-98.4702,0,8,1701980917,73
3321c531,29.5282,-98.4709,0,1,1701980917,39
3321cc93,29.5292,-98.472,0,0,1701980915,174
3321ccba,29.5381,-98.485,0,0,1701980916,300
3321d291,29.5326,-98.4744,0,9,1701980917,309
332195e8,29.5247,-98.4702,0,8,1701980917,73
3321c531,29.5282,-98.4709,0,1,1701980917,39
3321cc93,29.5292,-98.472,0,0,1701980915,174
3321ccba,29.5381,-98.485,0,0,1701980916,300
3321d291,29.5326,-98.4744,0,9,1701980917,309
332195e8,29.5247,-98.4702,0,8,1701980917,73
3321c531,29.5282,-98.4709,0,0,1701980921,39
3321cc93,29.5292,-98.472,0,0,1701980920,174
3321ccba,29.5381,-98.485,0,0,1701980921,300
3321d291,29.5327,-98.4745,0,9,1701980919,309
332195e8,29.5247,-98.4702,0,8,1701980917,73
3321c531,29.5282,-98.4709,0,0,1701980921,39
3321cc93,29.5292,-98.472,0,0,1701980920,174
3321ccba,29.5381,-98.485,0,0,1701980921,300
3321d291,29.5327,-98.4745,0,9,1701980919,309
332195e8,29.5247,-98.4702,0,8,1701980917,73
3321c531,29.5282,-98.4709,0,0,1701980921,39
3321cc93,29.5292,-98.472,0,0,1701980920,174
3321ccba,29.5381,-98.485,0,0,1701980921,300
3321d291,29.5327,-98.4745,0,9,1701980919,309
332195e8,29.525,-98.4699,0,11,1701980925,42
3321c531,29.5282,-98.4709,0,0,1701980925,39
3321cc93,29.5292,-98.472,0,0,1701980920,174
3321ccba,29.5381,-98.485,0,0,1701980924,300
3321d291,29.5328,-98.4747,0,8,1701980925,312
332195e8,29.525,-98.4699,0,11,1701980925,42
3321c531,29.5282,-98.4709,0,0,1701980925,39
3321cc93,29.5292,-98.472,0,0,1701980920,174
3321ccba,29.5381,-98.485,0,0,1701980924,300
3321d291,29.5328,-98.4747,0,8,1701980925,312
332195e8,29.525,-98.4699,0,11,1701980925,42
3321c531,29.5282,-98.4709,0,0,1701980925,39
3321cc93,29.5292,-98.472,0,0,1701980920,174
3321ccba,29.5381,-98.485,0,0,1701980924,300
3321d291,29.5328,-98.4747,0,8,1701980925,312
332195e8,29.5252,-98.4697,0,13,1701980929,42
3321c531,29.5282,-98.4709,0,0,1701980929,39
3321cc93,29.5292,-98.472,0,0,1701980925,174
3321ccba,29.5381,-98.485,0,0,1701980924,300
3321d291,29.5329,-98.4748,0,8,1701980929,312
332195e8,29.5252,-98.4697,0,13,1701980929,42
3321c531,29.5282,-98.4709,0,0,1701980929,39
3321cc93,29.5292,-98.472,0,0,1701980925,174
3321ccba,29.5381,-98.485,0,0,1701980924,300
3321d291,29.5329,-98.4748,0,8,1701980929,312
332195e8,29.5252,-98.4697,0,13,1701980929,42
3321c531,29.5282,-98.4709,0,0,1701980929,39
3321cc93,29.5292,-98.472,0,0,1701980925,174
3321ccba,29.5381,-98.485,0,0,1701980924,300
3321d291,29.5329,-98.4748,0,8,1701980929,312
332195e8,29.5253,-98.4695,0,14,1701980933,42
3321c531,29.5282,-98.4709,0,0,1701980933,39
3321cc93,29.5292,-98.472,0,0,1701980930,174
3321ccba,29.5381,-98.485,0,0,1701980924,300
3321d291,29.533,-98.4749,0,9,1701980933,312
332195e8,29.5253,-98.4695,0,14,1701980933,42
3321c531,29.5282,-98.4709,0,0,1701980933,39
3321cc93,29.5292,-98.472,0,0,1701980930,174
3321ccba,29.5381,-98.485,0,0,1701980924,300
3321d291,29.533,-98.4749,0,9,1701980933,312
332195e8,29.5253,-98.4695,0,14,1701980933,42
3321c531,29.5282,-98.4709,0,0,1701980933,39
3321cc93,29.5292,-98.472,0,0,1701980930,174
3321ccba,29.5381,-98.485,0,0,1701980924,300
3321d291,29.533,-98.4749,0,9,1701980933,312
332195e8,29.5255,-98.4693,0,14,1701980937,42
3321c094,29.525,-98.472,0,0,1701980932,329
3321c531,29.5282,-98.4709,0,0,1701980937,39
3321cc93,29.5292,-98.472,0,0,1701980935,174
3321ccba,29.5381,-98.485,0,0,1701980924,300
3321d291,29.5331,-98.4751,0,9,1701980937,312
332195e8,29.5255,-98.4693,0,14,1701980937,42
3321c094,29.525,-98.472,0,0,1701980932,329
3321c531,29.5282,-98.4709,0,0,1701980937,39
3321cc93,29.5292,-98.472,0,0,1701980935,174
3321ccba,29.5381,-98.485,0,0,1701980924,300
3321d291,29.5331,-98.4751,0,9,1701980937,312
332195e8,29.5255,-98.4693,0,14,1701980937,42
3321c094,29.525,-98.472,0,0,1701980932,329
3321c531,29.5282,-98.4709,0,0,1701980937,39
3321cc93,29.5292,-98.472,0,0,1701980935,174
3321ccba,29.5381,-98.485,0,0,1701980924,300
3321d291,29.5331,-98.4751,0,9,1701980937,312
332195e8,29.5255,-98.4693,0,14,1701980937,42
3321c094,29.525,-98.472,0,0,1701980932,329
3321c531,29.5282,-98.4709,0,0,1701980937,39
3321cc93,29.5292,-98.472,0,0,1701980935,174
3321ccba,29.5381,-98.485,0,0,1701980924,300
3321d291,29.5331,-98.4751,0,9,1701980937,312
332195e8,29.5257,-98.4692,0,15,1701980940,42
3321c094,29.525,-98.472,0,0,1701980932,329
3321c531,29.5282,-98.4709,0,0,1701980939,39
3321cc93,29.5292,-98.472,0,0,1701980940,174
3321ccba,29.5381,-98.485,0,0,1701980924,300
3321d291,29.5333,-98.4752,0,10,1701980941,312
332195e8,29.5257,-98.4692,0,15,1701980940,42
3321c094,29.525,-98.472,0,0,1701980932,329
3321c531,29.5282,-98.4709,0,0,1701980939,39
3321cc93,29.5292,-98.472,0,0,1701980940,174
3321ccba,29.5381,-98.485,0,0,1701980924,300
3321d291,29.5333,-98.4752,0,10,1701980941,312
332195e8,29.5257,-98.4692,0,15,1701980940,42
3321c094,29.525,-98.472,0,0,1701980932,329
3321c531,29.5282,-98.4709,0,0,1701980939,39
3321cc93,29.5292,-98.472,0,0,1701980940,174
3321ccba,29.5381,-98.485,0,0,1701980924,300
3321d291,29.5333,-98.4752,0,10,1701980941,312
332195e8,29.526,-98.4689,0,16,1701980945,42
3321c094,29.525,-98.472,0,0,1701980942,329
3321c531,29.5282,-98.4709,0,0,1701980945,39
3321cc93,29.5292,-98.472,0,0,1701980940,174
3321ccba,29.5381,-98.485,0,0,1701980924,300
3321d291,29.5333,-98.4753,0,10,1701980944,309
332195e8,29.526,-98.4689,0,16,1701980945,42
3321c094,29.525,-98.472,0,0,1701980942,329
3321c531,29.5282,-98.4709,0,0,1701980945,39
3321cc93,29.5292,-98.472,0,0,1701980940,174
3321ccba,29.5381,-98.485,0,0,1701980924,300
3321d291,29.5333,-98.4753,0,10,1701980944,309
332195e8,29.526,-98.4689,0,16,1701980945,42
3321c094,29.525,-98.472,0,0,1701980942,329
3321c531,29.5282,-98.4709,0,0,1701980945,39
3321cc93,29.5292,-98.472,0,0,1701980940,174
3321ccba,29.5381,-98.485,0,0,1701980924,300
3321d291,29.5333,-98.4753,0,10,1701980944,309
332195e8,29.5262,-98.4687,0,17,1701980949,42
3321c094,29.525,-98.472,0,0,1701980942,329
3321c531,29.5282,-98.4709,0,0,1701980945,39
3321cc93,29.5292,-98.472,0,0,1701980945,174
3321ccba,29.5381,-98.485,0,0,1701980924,300
3321d291,29.5335,-98.4755,0,11,1701980947,312
332195e8,29.5262,-98.4687,0,17,1701980949,42
3321c094,29.525,-98.472,0,0,1701980942,329
3321c531,29.5282,-98.4709,0,0,1701980945,39
3321cc93,29.5292,-98.472,0,0,1701980945,174
3321ccba,29.5381,-98.485,0,0,1701980924,300
3321d291,29.5335,-98.4755,0,11,1701980947,312
332195e8,29.5262,-98.4687,0,17,1701980949,42
3321c094,29.525,-98.472,0,0,1701980942,329
3321c531,29.5282,-98.4709,0,0,1701980945,39
3321cc93,29.5292,-98.472,0,0,1701980945,174
3321ccba,29.5381,-98.485,0,0,1701980924,300
3321d291,29.5335,-98.4755,0,11,1701980947,312
332195e8,29.5264,-98.4685,0,17,1701980952,42
3321c094,29.525,-98.472,0,0,1701980942,329
3321c531,29.5282,-98.4709,0,0,1701980950,39
3321cc93,29.5292,-98.472,0,0,1701980950,174
3321ccba,29.5381,-98.485,0,0,1701980924,300
3321d291,29.5337,-98.4758,0,12,1701980953,312
332195e8,29.5264,-98.4685,0,17,1701980952,42
3321c094,29.525,-98.472,0,0,1701980942,329
3321c531,29.5282,-98.4709,0,0,1701980950,39
3321cc93,29.5292,-98.472,0,0,1701980950,174
3321ccba,29.5381,-98.485,0,0,1701980924,300
3321d291,29.5337,-98.4758,0,12,1701980953,312
332195e8,29.5264,-98.4685,0,17,1701980952,42
3321c094,29.525,-98.472,0,0,1701980942,329
3321c531,29.5282,-98.4709,0,0,1701980950,39
3321cc93,29.5292,-98.472,0,0,1701980950,174
3321ccba,29.5381,-98.485,0,0,1701980924,300
3321d291,29.5337,-98.4758,0,12,1701980953,312
332195e8,29.5265,-98.4684,0,17,1701980953,42
3321c094,29.525,-98.472,0,0,1701980942,329
3321c531,29.5282,-98.4709,0,0,1701980955,39
3321cc93,29.5292,-98.472,0,0,1701980955,174
3321ccba,29.5381,-98.485,0,0,1701980924,300
3321d291,29.5338,-98.476,0,13,1701980957,312
332195e8,29.5265,-98.4684,0,17,1701980953,42
3321c094,29.525,-98.472,0,0,1701980942,329
3321c531,29.5282,-98.4709,0,0,1701980955,39
3321cc93,29.5292,-98.472,0,0,1701980955,174
3321ccba,29.5381,-98.485,0,0,1701980924,300
3321d291,29.5338,-98.476,0,13,1701980957,312
332195e8,29.5265,-98.4684,0,17,1701980953,42
3321c094,29.525,-98.472,0,0,1701980942,329
3321c531,29.5282,-98.4709,0,0,1701980955,39
3321cc93,29.5292,-98.472,0,0,1701980955,174
3321ccba,29.5381,-98.485,0,0,1701980924,300
3321d291,29.5338,-98.476,0,13,1701980957,312
332195e8,29.5269,-98.4681,0,17,1701980959,30
3321c094,29.525,-98.472,0,0,1701980942,329
3321c531,29.5282,-98.4709,0,0,1701980960,39
3321cc93,29.5292,-98.472,0,0,1701980960,174
3321ccba,29.5381,-98.485,0,0,1701980924,300
3321d291,29.534,-98.4762,0,14,1701980961,312
332195e8,29.5269,-98.4681,0,17,1701980959,30
3321c094,29.525,-98.472,0,0,1701980942,329
3321c531,29.5282,-98.4709,0,0,1701980960,39
3321cc93,29.5292,-98.472,0,0,1701980960,174
3321ccba,29.5381,-98.485,0,0,1701980924,300
3321d291,29.534,-98.4762,0,14,1701980961,312
332195e8,29.5269,-98.4681,0,17,1701980959,30
3321c094,29.525,-98.472,0,0,1701980942,329
3321c531,29.5282,-98.4709,0,0,1701980960,39
3321cc93,29.5292,-98.472,0,0,1701980960,174
3321ccba,29.5381,-98.485,0,0,1701980924,300
3321d291,29.534,-98.4762,0,14,1701980961,312
332195e8,29.5272,-98.4679,0,16,1701980963,25
3321c094,29.525,-98.472,0,0,1701980942,329
3321c531,29.5282,-98.4709,0,0,1701980960,39
3321cc93,29.5292,-98.472,0,0,1701980960,174
3321ccba,29.5381,-98.485,0,0,1701980924,300
3321d291,29.5341,-98.4763,0,14,1701980963,312
332195e8,29.5272,-98.4679,0,16,1701980963,25
3321c094,29.525,-98.472,0,0,1701980942,329
3321c531,29.5282,-98.4709,0,0,1701980960,39
3321cc93,29.5292,-98.472,0,0,1701980960,174
3321ccba,29.5381,-98.485,0,0,1701980924,300
3321d291,29.5341,-98.4763,0,14,1701980963,312
332195e8,29.5272,-98.4679,0,16,1701980963,25
3321c094,29.525,-98.472,0,0,1701980942,329
3321c531,29.5282,-98.4709,0,0,1701980960,39
3321cc93,29.5292,-98.472,0,0,1701980960,174
3321ccba,29.5381,-98.485,0,0,1701980924,300
3321d291,29.5341,-98.4763,0,14,1701980963,312
332195e8,29.5272,-98.4679,0,16,1701980963,25
3321c094,29.525,-98.472,0,0,1701980942,329
3321c531,29.5282,-98.4709,0,0,1701980960,39
3321cc93,29.5292,-98.472,0,0,1701980960,174
3321ccba,29.5381,-98.485,0,0,1701980924,300
3321d291,29.5341,-98.4763,0,14,1701980963,312
332195e8,29.5272,-98.4679,0,16,1701980963,25
3321c094,29.525,-98.472,0,0,1701980942,329
3321c531,29.5282,-98.4709,0,0,1701980965,39
3321cc93,29.5292,-98.472,0,0,1701980965,174
3321ccba,29.5381,-98.485,0,0,1701980924,300
3321d291,29.5343,-98.4766,0,15,1701980969,312
332195e8,29.5272,-98.4679,0,16,1701980963,25
3321c094,29.525,-98.472,0,0,1701980942,329
3321c531,29.5282,-98.4709,0,0,1701980965,39
3321cc93,29.5292,-98.472,0,0,1701980965,174
3321ccba,29.5381,-98.485,0,0,1701980924,300
3321d291,29.5343,-98.4766,0,15,1701980969,312
332195e8,29.5272,-98.4679,0,16,1701980963,25
3321c094,29.525,-98.472,0,0,1701980942,329
3321c531,29.5282,-98.4709,0,0,1701980965,39
3321cc93,29.5292,-98.472,0,0,1701980965,174
3321ccba,29.5381,-98.485,0,0,1701980924,300
3321d291,29.5343,-98.4766,0,15,1701980969,312
332195e8,29.5272,-98.4679,0,16,1701980963,25
3321c094,29.525,-98.472,0,0,1701980942,329
3321c531,29.5282,-98.4709,0,0,1701980970,39
3321cc93,29.5292,-98.472,0,0,1701980970,174
3321ccba,29.5381,-98.485,0,0,1701980924,300
3321d291,29.5345,-98.4768,0,15,1701980972,312
332195e8,29.5272,-98.4679,0,16,1701980963,25
3321c094,29.525,-98.472,0,0,1701980942,329
3321c531,29.5282,-98.4709,0,0,1701980970,39
3321cc93,29.5292,-98.472,0,0,1701980970,174
3321ccba,29.5381,-98.485,0,0,1701980924,300
3321d291,29.5345,-98.4768,0,15,1701980972,312
332195e8,29.5272,-98.4679,0,16,1701980963,25
3321c094,29.525,-98.472,0,0,1701980942,329
3321c531,29.5282,-98.4709,0,0,1701980970,39
3321cc93,29.5292,-98.472,0,0,1701980970,174
3321ccba,29.5381,-98.485,0,0,1701980924,300
3321d291,29.5345,-98.4768,0,15,1701980972,312
332195e8,29.5272,-98.4679,0,16,1701980963,25
3321c094,29.525,-98.472,0,0,1701980973,329
3321c531,29.5282,-98.4709,0,0,1701980975,39
3321cc93,29.5292,-98.472,0,0,1701980975,174
3321ccba,29.5381,-98.485,0,0,1701980924,300
3321d291,29.5347,-98.4771,0,15,1701980976,312
332195e8,29.5272,-98.4679,0,16,1701980963,25
3321c094,29.525,-98.472,0,0,1701980973,329
3321c531,29.5282,-98.4709,0,0,1701980975,39
3321cc93,29.5292,-98.472,0,0,1701980975,174
3321ccba,29.5381,-98.485,0,0,1701980924,300
3321d291,29.5347,-98.4771,0,15,1701980976,312
332195e8,29.5272,-98.4679,0,16,1701980963,25
3321c094,29.525,-98.472,0,0,1701980973,329
3321c531,29.5282,-98.4709,0,0,1701980975,39
3321cc93,29.5292,-98.472,0,0,1701980975,174
3321ccba,29.5381,-98.485,0,0,1701980924,300
3321d291,29.5347,-98.4771,0,15,1701980976,312
332195e8,29.528,-98.4685,0,16,1701980979,312
3321c094,29.525,-98.472,0,0,1701980973,329
3321c531,29.5282,-98.4709,0,0,1701980980,39
3321cc93,29.5292,-98.472,0,0,1701980980,174
3321ccba,29.5381,-98.485,0,0,1701980924,300
3321d291,29.5349,-98.4773,0,16,1701980980,312
332195e8,29.528,-98.4685,0,16,1701980979,312
3321c094,29.525,-98.472,0,0,1701980973,329
3321c531,29.5282,-98.4709,0,0,1701980980,39
3321cc93,29.5292,-98.472,0,0,1701980980,174
3321ccba,29.5381,-98.485,0,0,1701980924,300
3321d291,29.5349,-98.4773,0,16,1701980980,312
332195e8,29.528,-98.4685,0,16,1701980979,312
3321c094,29.525,-98.472,0,0,1701980973,329
3321c531,29.5282,-98.4709,0,0,1701980980,39
3321cc93,29.5292,-98.472,0,0,1701980980,174
3321ccba,29.5381,-98.485,0,0,1701980924,300
3321d291,29.5349,-98.4773,0,16,1701980980,312
332195e8,29.528,-98.4685,0,16,1701980979,312
3321c094,29.525,-98.472,0,0,1701980973,329
3321c531,29.5282,-98.4709,0,0,1701980980,39
3321cc93,29.5292,-98.472,0,0,1701980980,174
3321ccba,29.5381,-98.485,0,0,1701980924,300
3321d291,29.5349,-98.4773,0,16,1701980980,312
332195e8,29.528,-98.4685,0,16,1701980979,312
3321c094,29.525,-98.472,0,0,1701980973,329
3321c531,29.5282,-98.4709,0,0,1701980980,39
3321cc93,29.5292,-98.472,0,0,1701980980,174
3321ccba,29.5381,-98.485,0,0,1701980924,300
3321d291,29.5349,-98.4773,0,16,1701980980,312
332195e8,29.528,-98.4685,0,16,1701980979,312
3321c094,29.525,-98.472,0,0,1701980973,329
3321c531,29.5282,-98.4709,0,0,1701980980,39
3321cc93,29.5292,-98.472,0,0,1701980980,174
3321ccba,29.5381,-98.485,0,0,1701980924,300
3321d291,29.5349,-98.4773,0,16,1701980980,312
332195e8,29.528,-98.4685,0,16,1701980979,312
3321c094,29.525,-98.472,0,0,1701980973,329
3321c531,29.5282,-98.4709,0,0,1701980980,39
3321cc93,29.5292,-98.472,0,0,1701980980,174
3321ccba,29.5381,-98.485,0,0,1701980924,300
3321d291,29.5349,-98.4773,0,16,1701980980,312
332195e8,29.5286,-98.4691,0,17,1701980989,312
3321c094,29.525,-98.472,0,0,1701980973,329
3321c531,29.5282,-98.4709,0,0,1701980985,39
3321cc93,29.5292,-98.472,0,0,1701980985,174
3321ccba,29.5381,-98.485,0,0,1701980924,300
3321d291,29.5353,-98.4779,0,17,1701980988,312
332195e8,29.5286,-98.4691,0,17,1701980989,312
3321c094,29.525,-98.472,0,0,1701980973,329
3321c531,29.5282,-98.4709,0,0,1701980985,39
3321cc93,29.5292,-98.472,0,0,1701980985,174
3321ccba,29.5381,-98.485,0,0,1701980924,300
3321d291,29.5353,-98.4779,0,17,1701980988,312
332195e8,29.5286,-98.4691,0,17,1701980989,312
3321c094,29.525,-98.472,0,0,1701980973,329
3321c531,29.5282,-98.4709,0,0,1701980985,39
3321cc93,29.5292,-98.472,0,0,1701980985,174
3321ccba,29.5381,-98.485,0,0,1701980924,300
3321d291,29.5353,-98.4779,0,17,1701980988,312
332195e8,29.5288,-98.4694,0,17,1701980993,312
3321c094,29.525,-98.472,0,0,1701980988,329
3321c531,29.5282,-98.4709,0,0,1701980990,39
3321cc93,29.5292,-98.472,0,0,1701980990,174
3321ccba,29.5381,-98.485,0,0,1701980924,300
3321d291,29.5355,-98.4781,0,17,1701980992,312
332195e8,29.5288,-98.4694,0,17,1701980993,312
3321c094,29.525,-98.472,0,0,1701980988,329
3321c531,29.5282,-98.4709,0,0,1701980990,39
3321cc93,29.5292,-98.472,0,0,1701980990,174
3321ccba,29.5381,-98.485,0,0,1701980924,300
3321d291,29.5355,-98.4781,0,17,1701980992,312
332195e8,29.5288,-98.4694,0,17,1701980993,312
3321c094,29.525,-98.472,0,0,1701980988,329
3321c531,29.5282,-98.4709,0,0,1701980990,39
3321cc93,29.5292,-98.472,0,0,1701980990,174
3321ccba,29.5381,-98.485,0,0,1701980924,300
3321d291,29.5355,-98.4781,0,17,1701980992,312
332195e8,29.529,-98.4697,0,18,1701980997,312
3321c094,29.525,-98.472,0,0,1701980988,329
3321c531,29.5282,-98.4709,0,0,1701980995,39
3321cc93,29.5292,-98.472,0,0,1701980990,174
3321ccba,29.5381,-98.485,0,0,1701980924,300
3321d291,29.5358,-98.4785,0,17,1701980997,312
332195e8,29.529,-98.4697,0,18,1701980997,312
3321c094,29.525,-98.472,0,0,1701980988,329
3321c531,29.5282,-98.4709,0,0,1701980995,39
3321cc93,29.5292,-98.472,0,0,1701980990,174
3321ccba,29.5381,-98.485,0,0,1701980924,300
3321d291,29.5358,-98.4785,0,17,1701980997,312
332195e8,29.529,-98.4697,0,18,1701980997,312
3321c094,29.525,-98.472,0,0,1701980988,329
3321c531,29.5282,-98.4709,0,0,1701980995,39
3321cc93,29.5292,-98.472,0,0,1701980990,174
3321ccba,29.5381,-98.485,0,0,1701980924,300
3321d291,29.5358,-98.4785,0,17,1701980997,312
332195e8,29.5292,-98.47,0,18,1701981001,312
3321c094,29.525,-98.472,0,0,1701980988,329
3321c531,29.5282,-98.4709,0,0,1701981000,39
3321cc93,29.5292,-98.472,0,0,1701981000,174
3321ccba,29.5381,-98.485,0,0,1701980924,300
3321d291,29.536,-98.4788,0,17,1701981001,312
332195e8,29.5292,-98.47,0,18,1701981001,312
3321c094,29.525,-98.472,0,0,1701980988,329
3321c531,29.5282,-98.4709,0,0,1701981000,39
3321cc93,29.5292,-98.472,0,0,1701981000,174
3321ccba,29.5381,-98.485,0,0,1701980924,300
3321d291,29.536,-98.4788,0,17,1701981001,312
332195e8,29.5292,-98.47,0,18,1701981001,312
3321c094,29.525,-98.472,0,0,1701980988,329
3321c531,29.5282,-98.4709,0,0,1701981000,39
3321cc93,29.5292,-98.472,0,0,1701981000,174
3321ccba,29.5381,-98.485,0,0,1701980924,300
3321d291,29.536,-98.4788,0,17,1701981001,312
332195e8,29.5294,-98.4703,0,19,1701981005,309
3321c094,29.525,-98.472,0,0,1701980988,329
3321c531,29.5282,-98.4709,0,0,1701981000,39
3321cc93,29.5292,-98.472,0,0,1701981000,174
3321ccba,29.5381,-98.485,0,0,1701980924,300
3321d291,29.5361,-98.4789,0,17,1701981003,312
332195e8,29.5294,-98.4703,0,19,1701981005,309
3321c094,29.525,-98.472,0,0,1701980988,329
3321c531,29.5282,-98.4709,0,0,1701981000,39
3321cc93,29.5292,-98.472,0,0,1701981000,174
3321ccba,29.5381,-98.485,0,0,1701980924,300
3321d291,29.5361,-98.4789,0,17,1701981003,312
332195e8,29.5294,-98.4703,0,19,1701981005,309
3321c094,29.525,-98.472,0,0,1701980988,329
3321c531,29.5282,-98.4709,0,0,1701981000,39
3321cc93,29.5292,-98.472,0,0,1701981000,174
3321ccba,29.5381,-98.485,0,0,1701980924,300
3321d291,29.5361,-98.4789,0,17,1701981003,312
332195e8,29.5294,-98.4703,0,19,1701981005,309
3321c094,29.525,-98.472,0,0,1701980988,329
3321c531,29.5282,-98.4709,0,0,1701981000,39
3321cc93,29.5292,-98.472,0,0,1701981000,174
3321ccba,29.5381,-98.485,0,0,1701980924,300
3321d291,29.5361,-98.4789,0,17,1701981003,312
332195e8,29.5297,-98.4706,0,19,1701981009,312
3321c094,29.525,-98.472,0,0,1701980988,329
3321c531,29.5282,-98.4709,0,0,1701981005,39
3321cc93,29.5292,-98.472,0,0,1701981006,174
3321ccba,29.5381,-98.485,0,0,1701980924,300
3321d291,29.5363,-98.4792,0,17,1701981006,312
332195e8,29.5297,-98.4706,0,19,1701981009,312
3321c094,29.525,-98.472,0,0,1701980988,329
3321c531,29.5282,-98.4709,0,0,1701981005,39
3321cc93,29.5292,-98.472,0,0,1701981006,174
3321ccba,29.5381,-98.485,0,0,1701980924,300
3321d291,29.5363,-98.4792,0,17,1701981006,312
332195e8,29.5297,-98.4706,0,19,1701981009,312
3321c094,29.525,-98.472,0,0,1701980988,329
3321c531,29.5282,-98.4709,0,0,1701981005,39
3321cc93,29.5292,-98.472,0,0,1701981006,174
3321ccba,29.5381,-98.485,0,0,1701980924,300
3321d291,29.5363,-98.4792,0,17,1701981006,312
332195e8,29.5299,-98.4709,0,20,1701981013,312
3321c094,29.525,-98.472,0,0,1701980988,329
3321c531,29.5282,-98.4709,0,0,1701981010,39
3321cc93,29.5292,-98.472,0,0,1701981011,174
3321d291,29.5365,-98.4795,0,17,1701981010,312
332195e8,29.5299,-98.4709,0,20,1701981013,312
3321c094,29.525,-98.472,0,0,1701980988,329
3321c531,29.5282,-98.4709,0,0,1701981010,39
3321cc93,29.5292,-98.472,0,0,1701981011,174
3321d291,29.5365,-98.4795,0,17,1701981010,312
332195e8,29.5299,-98.4709,0,20,1701981013,312
3321c094,29.525,-98.472,0,0,1701980988,329
3321c531,29.5282,-98.4709,0,0,1701981010,39
3321cc93,29.5292,-98.472,0,0,1701981011,174
3321d291,29.5365,-98.4795,0,17,1701981010,312
332195e8,29.53,-98.471,0,20,1701981014,312
3321c094,29.525,-98.472,0,0,1701980988,329
3321c531,29.5282,-98.4709,0,0,1701981015,39
3321cc93,29.5292,-98.472,0,0,1701981015,174
3321d291,29.5365,-98.4795,0,17,1701981010,312
3321d5e7,29.5238,-98.4717,0,6,1701981017,70
332195e8,29.53,-98.471,0,20,1701981014,312
3321c094,29.525,-98.472,0,0,1701980988,329
3321c531,29.5282,-98.4709,0,0,1701981015,39
3321cc93,29.5292,-98.472,0,0,1701981015,174
3321d291,29.5365,-98.4795,0,17,1701981010,312
3321d5e7,29.5238,-98.4717,0,6,1701981017,70
332195e8,29.53,-98.471,0,20,1701981014,312
3321c094,29.525,-98.472,0,0,1701980988,329
3321c531,29.5282,-98.4709,0,0,1701981015,39
3321cc93,29.5292,-98.472,0,0,1701981015,174
3321d291,29.5365,-98.4795,0,17,1701981010,312
3321d5e7,29.5238,-98.4717,0,6,1701981017,70
332195e8,29.5305,-98.4716,0,21,1701981021,312
3321c094,29.525,-98.472,0,0,1701980988,329
3321c531,29.5282,-98.4709,0,0,1701981020,39
3321cc93,29.5292,-98.472,0,0,1701981021,174
3321d291,29.5365,-98.4795,0,17,1701981010,312
3321d5e7,29.5238,-98.4717,0,6,1701981017,70
332195e8,29.5305,-98.4716,0,21,1701981021,312
3321c094,29.525,-98.472,0,0,1701980988,329
3321c531,29.5282,-98.4709,0,0,1701981020,39
3321cc93,29.5292,-98.472,0,0,1701981021,174
3321d291,29.5365,-98.4795,0,17,1701981010,312
3321d5e7,29.5238,-98.4717,0,6,1701981017,70
332195e8,29.5305,-98.4716,0,21,1701981021,312
3321c094,29.525,-98.472,0,0,1701980988,329
3321c531,29.5282,-98.4709,0,0,1701981020,39
3321cc93,29.5292,-98.472,0,0,1701981021,174
3321d291,29.5365,-98.4795,0,17,1701981010,312
3321d5e7,29.5238,-98.4717,0,6,1701981017,70
332195e8,29.5307,-98.4719,0,22,1701981024,312
3321c094,29.525,-98.472,0,0,1701980988,329
3321c531,29.5282,-98.4709,0,0,1701981025,39
3321cc93,29.5292,-98.472,0,0,1701981021,174
3321d291,29.5365,-98.4795,0,17,1701981010,312
3321d5e7,29.5238,-98.4716,0,6,1701981021,90
332195e8,29.5307,-98.4719,0,22,1701981024,312
3321c094,29.525,-98.472,0,0,1701980988,329
3321c531,29.5282,-98.4709,0,0,1701981025,39
3321cc93,29.5292,-98.472,0,0,1701981021,174
3321d291,29.5365,-98.4795,0,17,1701981010,312
3321d5e7,29.5238,-98.4716,0,6,1701981021,90
332195e8,29.5307,-98.4719,0,22,1701981024,312
3321c094,29.525,-98.472,0,0,1701980988,329
3321c531,29.5282,-98.4709,0,0,1701981025,39
3321cc93,29.5292,-98.472,0,0,1701981021,174
3321d291,29.5365,-98.4795,0,17,1701981010,312
3321d5e7,29.5238,-98.4716,0,6,1701981021,90
332195e8,29.5309,-98.4722,0,22,1701981027,312
3321c094,29.525,-98.472,0,0,1701981022,329
3321c531,29.5282,-98.4709,0,0,1701981025,39
3321cc93,29.5292,-98.472,0,0,1701981026,174
3321d291,29.5365,-98.4795,0,17,1701981010,312
3321d5e7,29.5238,-98.4716,0,6,1701981021,90
332195e8,29.5309,-98.4722,0,22,1701981027,312
3321c094,29.525,-98.472,0,0,1701981022,329
3321c531,29.5282,-98.4709,0,0,1701981025,39
3321cc93,29.5292,-98.472,0,0,1701981026,174
3321d291,29.5365,-98.4795,0,17,1701981010,312
3321d5e7,29.5238,-98.4716,0,6,1701981021,90
332195e8,29.5309,-98.4722,0,22,1701981027,312
3321c094,29.525,-98.472,0,0,1701981022,329
3321c531,29.5282,-98.4709,0,0,1701981025,39
3321cc93,29.5292,-98.472,0,0,1701981026,174
3321d291,29.5365,-98.4795,0,17,1701981010,312
3321d5e7,29.5238,-98.4716,0,6,1701981021,90
332195e8,29.5313,-98.4726,0,22,1701981032,312
3321c094,29.525,-98.472,0,0,1701981022,329
3321c531,29.5282,-98.4709,0,0,1701981025,39
3321cc93,29.5292,-98.472,0,0,1701981026,174
3321d291,29.5365,-98.4795,0,17,1701981010,312
3321d5e7,29.5238,-98.4716,0,6,1701981021,90
332195e8,29.5313,-98.4726,0,22,1701981032,312
3321c094,29.525,-98.472,0,0,1701981022,329
3321c531,29.5282,-98.4709,0,0,1701981025,39
3321cc93,29.5292,-98.472,0,0,1701981026,174
3321d291,29.5365,-98.4795,0,17,1701981010,312
3321d5e7,29.5238,-98.4716,0,6,1701981021,90
332195e8,29.5313,-98.4726,0,22,1701981032,312
3321c094,29.525,-98.472,0,0,1701981022,329
3321c531,29.5282,-98.4709,0,0,1701981025,39
3321cc93,29.5292,-98.472,0,0,1701981026,174
3321d291,29.5365,-98.4795,0,17,1701981010,312
3321d5e7,29.5238,-98.4716,0,6,1701981021,90
332195e8,29.5313,-98.4726,0,22,1701981032,312
3321c094,29.525,-98.472,0,0,1701981022,329
3321c531,29.5282,-98.4709,0,0,1701981025,39
3321cc93,29.5292,-98.472,0,0,1701981026,174
3321d291,29.5365,-98.4795,0,17,1701981010,312
3321d5e7,29.5238,-98.4716,0,6,1701981021,90
332195e8,29.5315,-98.4729,0,23,1701981035,312
3321c094,29.525,-98.472,0,0,1701981022,329
3321c531,29.5282,-98.4709,0,0,1701981035,39
3321cc93,29.5292,-98.472,0,0,1701981036,174
3321d291,29.5365,-98.4795,0,17,1701981010,312
3321d5e7,29.5238,-98.4716,0,6,1701981021,90
332195e8,29.5315,-98.4729,0,23,1701981035,312
3321c094,29.525,-98.472,0,0,1701981022,329
3321c531,29.5282,-98.4709,0,0,1701981035,39
3321cc93,29.5292,-98.472,0,0,1701981036,174
3321d291,29.5365,-98.4795,0,17,1701981010,312
3321d5e7,29.5238,-98.4716,0,6,1701981021,90
332195e8,29.5315,-98.4729,0,23,1701981035,312
3321c094,29.525,-98.472,0,0,1701981022,329
3321c531,29.5282,-98.4709,0,0,1701981035,39
3321cc93,29.5292,-98.472,0,0,1701981036,174
3321d291,29.5365,-98.4795,0,17,1701981010,312
3321d5e7,29.5238,-98.4716,0,6,1701981021,90
332195e8,29.5317,-98.4732,0,24,1701981038,312
3321c094,29.525,-98.472,0,0,1701981037,329
3321c531,29.5282,-98.4709,0,0,1701981040,39
3321cc93,29.5292,-98.472,0,0,1701981036,174
3321d291,29.5383,-98.4817,0,20,1701981040,312
3321d5e7,29.5238,-98.4716,0,6,1701981021,90
332195e8,29.5317,-98.4732,0,24,1701981038,312
3321c094,29.525,-98.472,0,0,1701981037,329
3321c531,29.5282,-98.4709,0,0,1701981040,39
3321cc93,29.5292,-98.472,0,0,1701981036,174
3321d291,29.5383,-98.4817,0,20,1701981040,312
3321d5e7,29.5238,-98.4716,0,6,1701981021,90
332195e8,29.5317,-98.4732,0,24,1701981038,312
3321c094,29.525,-98.472,0,0,1701981037,329
3321c531,29.5282,-98.4709,0,0,1701981040,39
3321cc93,29.5292,-98.472,0,0,1701981036,174
3321d291,29.5383,-98.4817,0,20,1701981040,312
3321d5e7,29.5238,-98.4716,0,6,1701981021,90
332195e8,29.5322,-98.4738,0,24,1701981044,312
3321c094,29.525,-98.472,0,0,1701981037,329
3321c531,29.5282,-98.4709,0,0,1701981040,39
3321cc93,29.5292,-98.472,0,0,1701981041,174
3321d291,29.5384,-98.4818,0,20,1701981042,312
3321d5e7,29.5238,-98.4716,0,6,1701981021,90
3321da6a,29.528,-98.4799,0,0,1701980966,173
332195e8,29.5322,-98.4738,0,24,1701981044,312
3321c094,29.525,-98.472,0,0,1701981037,329
3321c531,29.5282,-98.4709,0,0,1701981040,39
3321cc93,29.5292,-98.472,0,0,1701981041,174
3321d291,29.5384,-98.4818,0,20,1701981042,312
3321d5e7,29.5238,-98.4716,0,6,1701981021,90
3321da6a,29.528,-98.4799,0,0,1701980966,173
332195e8,29.5322,-98.4738,0,24,1701981044,312
3321c094,29.525,-98.472,0,0,1701981037,329
3321c531,29.5282,-98.4709,0,0,1701981040,39
3321cc93,29.5292,-98.472,0,0,1701981041,174
3321d291,29.5384,-98.4818,0,20,1701981042,312
3321d5e7,29.5238,-98.4716,0,6,1701981021,90
3321da6a,29.528,-98.4799,0,0,1701980966,173
332195e8,29.5325,-98.4742,0,24,1701981048,312
3321c094,29.525,-98.472,0,0,1701981043,329
3321c531,29.5282,-98.4709,0,0,1701981045,39
3321cc93,29.5292,-98.472,0,0,1701981046,174
3321d291,29.5384,-98.4818,0,20,1701981042,312
3321d5e7,29.5238,-98.4716,0,6,1701981021,90
3321da6a,29.528,-98.4799,0,0,1701980966,173
332195e8,29.5325,-98.4742,0,24,1701981048,312
3321c094,29.525,-98.472,0,0,1701981043,329
3321c531,29.5282,-98.4709,0,0,1701981045,39
3321cc93,29.5292,-98.472,0,0,1701981046,174
3321d291,29.5384,-98.4818,0,20,1701981042,312
3321d5e7,29.5238,-98.4716,0,6,1701981021,90
3321da6a,29.528,-98.4799,0,0,1701980966,173
332195e8,29.5325,-98.4742,0,24,1701981048,312
3321c094,29.525,-98.472,0,0,1701981043,329
3321c531,29.5282,-98.4709,0,0,1701981045,39
3321cc93,29.5292,-98.472,0,0,1701981046,174
3321d291,29.5384,-98.4818,0,20,1701981042,312
3321d5e7,29.5238,-98.4716,0,6,1701981021,90
3321da6a,29.528,-98.4799,0,0,1701980966,173
332195e8,29.5328,-98.4746,0,24,1701981052,312
3321c094,29.525,-98.472,0,0,1701981043,329
3321c531,29.5282,-98.4709,0,0,1701981050,39
3321cc93,29.5292,-98.472,0,0,1701981051,174
3321d291,29.5384,-98.4818,0,20,1701981042,312
3321d5e7,29.5238,-98.4716,0,6,1701981021,90
3321da6a,29.528,-98.4799,0,0,1701980966,173
332195e8,29.5328,-98.4746,0,24,1701981052,312
3321c094,29.525,-98.472,0,0,1701981043,329
3321c531,29.5282,-98.4709,0,0,1701981050,39
3321cc93,29.5292,-98.472,0,0,1701981051,174
3321d291,29.5384,-98.4818,0,20,1701981042,312
3321d5e7,29.5238,-98.4716,0,6,1701981021,90
3321da6a,29.528,-98.4799,0,0,1701980966,173
332195e8,29.5328,-98.4746,0,24,1701981052,312
3321c094,29.525,-98.472,0,0,1701981043,329
3321c531,29.5282,-98.4709,0,0,1701981050,39
3321cc93,29.5292,-98.472,0,0,1701981051,174
3321d291,29.5384,-98.4818,0,20,1701981042,312
3321d5e7,29.5238,-98.4716,0,6,1701981021,90
332195e8,29.5331,-98.475,0,23,1701981056,312
3321c094,29.525,-98.472,0,0,1701981053,329
3321c531,29.5282,-98.4709,0,0,1701981055,39
3321cc93,29.5292,-98.472,0,0,1701981056,174
3321d291,29.5384,-98.4818,0,20,1701981042,312
3321d5e7,29.5238,-98.4716,0,6,1701981021,90
332195e8,29.5331,-98.475,0,23,1701981056,312
3321c094,29.525,-98.472,0,0,1701981053,329
3321c531,29.5282,-98.4709,0,0,1701981055,39
3321cc93,29.5292,-98.472,0,0,1701981056,174
3321d291,29.5384,-98.4818,0,20,1701981042,312
3321d5e7,29.5238,-98.4716,0,6,1701981021,90
332195e8,29.5331,-98.475,0,23,1701981056,312
3321c094,29.525,-98.472,0,0,1701981053,329
3321c531,29.5282,-98.4709,0,0,1701981055,39
3321cc93,29.5292,-98.472,0,0,1701981056,174
3321d291,29.5384,-98.4818,0,20,1701981042,312
3321d5e7,29.5238,-98.4716,0,6,1701981021,90
332195e8,29.5331,-98.475,0,23,1701981056,312
3321c094,29.525,-98.472,0,0,1701981053,329
3321c531,29.5282,-98.4709,0,0,1701981055,39
3321cc93,29.5292,-98.472,0,0,1701981056,174
3321d291,29.5384,-98.4818,0,20,1701981042,312
3321d5e7,29.5238,-98.4716,0,6,1701981021,90
332195e8,29.5334,-98.4754,0,23,1701981060,312
3321c094,29.525,-98.472,0,0,1701981053,329
3321c531,29.5282,-98.4709,0,0,1701981060,39
3321cc93,29.5292,-98.472,0,0,1701981056,174
3321d291,29.5384,-98.4818,0,20,1701981042,312
3321d5e7,29.5238,-98.4716,0,6,1701981021,90
332195e8,29.5334,-98.4754,0,23,1701981060,312
3321c094,29.525,-98.472,0,0,1701981053,329
3321c531,29.5282,-98.4709,0,0,1701981060,39
3321cc93,29.5292,-98.472,0,0,1701981056,174
3321d291,29.5384,-98.4818,0,20,1701981042,312
3321d5e7,29.5238,-98.4716,0,6,1701981021,90
332195e8,29.5334,-98.4754,0,23,1701981060,312
3321c094,29.525,-98.472,0,0,1701981053,329
3321c531,29.5282,-98.4709,0,0,1701981060,39
3321cc93,29.5292,-98.472,0,0,1701981056,174
3321d291,29.5384,-98.4818,0,20,1701981042,312
3321d5e7,29.5238,-98.4716,0,6,1701981021,90
332195e8,29.5334,-98.4754,0,23,1701981060,312
3321c094,29.525,-98.472,0,0,1701981053,329
3321c531,29.5282,-98.4709,0,0,1701981060,39
3321cc93,29.5292,-98.472,0,0,1701981061,174
3321d291,29.5395,-98.4832,0,16,1701981062,312
3321d5e7,29.5238,-98.4716,0,6,1701981021,90
332195e8,29.5334,-98.4754,0,23,1701981060,312
3321c094,29.525,-98.472,0,0,1701981053,329
3321c531,29.5282,-98.4709,0,0,1701981060,39
3321cc93,29.5292,-98.472,0,0,1701981061,174
3321d291,29.5395,-98.4832,0,16,1701981062,312
3321d5e7,29.5238,-98.4716,0,6,1701981021,90
332195e8,29.5334,-98.4754,0,23,1701981060,312
3321c094,29.525,-98.472,0,0,1701981053,329
3321c531,29.5282,-98.4709,0,0,1701981060,39
3321cc93,29.5292,-98.472,0,0,1701981061,174
3321d291,29.5395,-98.4832,0,16,1701981062,312
3321d5e7,29.5238,-98.4716,0,6,1701981021,90
332195e8,29.534,-98.4761,0,23,1701981069,312
3321c094,29.525,-98.472,0,0,1701981063,329
3321c531,29.5282,-98.4709,0,0,1701981065,39
3321cc93,29.5292,-98.472,0,0,1701981066,174
3321d291,29.5395,-98.4832,0,16,1701981062,312
3321d5e7,29.5238,-98.4716,0,6,1701981021,90
332195e8,29.534,-98.4761,0,23,1701981069,312
3321c094,29.525,-98.472,0,0,1701981063,329
3321c531,29.5282,-98.4709,0,0,1701981065,39
3321cc93,29.5292,-98.472,0,0,1701981066,174
3321d291,29.5395,-98.4832,0,16,1701981062,312
3321d5e7,29.5238,-98.4716,0,6,1701981021,90
332195e8,29.534,-98.4761,0,23,1701981069,312
3321c094,29.525,-98.472,0,0,1701981063,329
3321c531,29.5282,-98.4709,0,0,1701981065,39
3321cc93,29.5292,-98.472,0,0,1701981066,174
3321d291,29.5395,-98.4832,0,16,1701981062,312
3321d5e7,29.5238,-98.4716,0,6,1701981021,90
332195e8,29.534,-98.4761,0,23,1701981069,312
3321c094,29.525,-98.472,0,0,1701981063,329
3321c531,29.5282,-98.4709,0,0,1701981065,39
3321cc93,29.5292,-98.472,0,0,1701981071,174
3321d291,29.5395,-98.4832,0,16,1701981062,312
3321d5e7,29.5238,-98.4716,0,6,1701981021,90
332195e8,29.534,-98.4761,0,23,1701981069,312
3321c094,29.525,-98.472,0,0,1701981063,329
3321c531,29.5282,-98.4709,0,0,1701981065,39
3321cc93,29.5292,-98.472,0,0,1701981071,174
3321d291,29.5395,-98.4832,0,16,1701981062,312
3321d5e7,29.5238,-98.4716,0,6,1701981021,90
332195e8,29.534,-98.4761,0,23,1701981069,312
3321c094,29.525,-98.472,0,0,1701981063,329
3321c531,29.5282,-98.4709,0,0,1701981065,39
3321cc93,29.5292,-98.472,0,0,1701981071,174
3321d291,29.5395,-98.4832,0,16,1701981062,312
3321d5e7,29.5238,-98.4716,0,6,1701981021,90
332195e8,29.5346,-98.4769,0,24,1701981076,312
3321c094,29.525,-98.472,0,0,1701981063,329
3321c531,29.5282,-98.4709,0,0,1701981075,39
3321cc93,29.5292,-98.472,0,0,1701981076,174
3321d291,29.5395,-98.4832,0,16,1701981062,312
3321d5e7,29.5238,-98.4716,0,6,1701981021,90
332195e8,29.5346,-98.4769,0,24,1701981076,312
3321c094,29.525,-98.472,0,0,1701981063,329
3321c531,29.5282,-98.4709,0,0,1701981075,39
3321cc93,29.5292,-98.472,0,0,1701981076,174
3321d291,29.5395,-98.4832,0,16,1701981062,312
3321d5e7,29.5238,-98.4716,0,6,1701981021,90
332195e8,29.5346,-98.4769,0,24,1701981076,312
3321c094,29.525,-98.472,0,0,1701981063,329
3321c531,29.5282,-98.4709,0,0,1701981075,39
3321cc93,29.5292,-98.472,0,0,1701981076,174
3321d291,29.5395,-98.4832,0,16,1701981062,312
3321d5e7,29.5238,-98.4716,0,6,1701981021,90
332195e8,29.5347,-98.4771,0,24,1701981079,312
3321c094,29.525,-98.472,0,0,1701981063,329
3321c531,29.5282,-98.4709,0,0,1701981080,39
3321cc93,29.5292,-98.472,0,0,1701981076,174
3321d291,29.5395,-98.4832,0,16,1701981062,312
3321d5e7,29.5238,-98.4716,0,6,1701981021,90
332195e8,29.5347,-98.4771,0,24,1701981079,312
3321c094,29.525,-98.472,0,0,1701981063,329
3321c531,29.5282,-98.4709,0,0,1701981080,39
3321cc93,29.5292,-98.472,0,0,1701981076,174
3321d291,29.5395,-98.4832,0,16,1701981062,312
3321d5e7,29.5238,-98.4716,0,6,1701981021,90
332195e8,29.5347,-98.4771,0,24,1701981079,312
3321c094,29.525,-98.472,0,0,1701981063,329
3321c531,29.5282,-98.4709,0,0,1701981080,39
3321cc93,29.5292,-98.472,0,0,1701981076,174
3321d291,29.5395,-98.4832,0,16,1701981062,312
3321d5e7,29.5238,-98.4716,0,6,1701981021,90
332195e8,29.5347,-98.4771,0,24,1701981079,312
3321c094,29.525,-98.472,0,0,1701981063,329
3321c531,29.5282,-98.4709,0,0,1701981080,39
3321cc93,29.5292,-98.472,0,0,1701981076,174
3321d291,29.5395,-98.4832,0,16,1701981062,312
3321d5e7,29.5238,-98.4716,0,6,1701981021,90
332195e8,29.5352,-98.4777,0,25,1701981085,312
3321c094,29.525,-98.472,0,0,1701981077,329
3321c531,29.5282,-98.4709,0,0,1701981080,39
3321cc93,29.5292,-98.472,0,0,1701981076,174
3321d291,29.5395,-98.4832,0,16,1701981062,312
3321d5e7,29.5238,-98.4716,0,6,1701981021,90
332195e8,29.5352,-98.4777,0,25,1701981085,312
3321c094,29.525,-98.472,0,0,1701981077,329
3321c531,29.5282,-98.4709,0,0,1701981080,39
3321cc93,29.5292,-98.472,0,0,1701981076,174
3321d291,29.5395,-98.4832,0,16,1701981062,312
3321d5e7,29.5238,-98.4716,0,6,1701981021,90
332195e8,29.5352,-98.4777,0,25,1701981085,312
3321c094,29.525,-98.472,0,0,1701981077,329
3321c531,29.5282,-98.4709,0,0,1701981080,39
3321cc93,29.5292,-98.472,0,0,1701981076,174
3321d291,29.5395,-98.4832,0,16,1701981062,312
3321d5e7,29.5238,-98.4716,0,6,1701981021,90
332195e8,29.5353,-98.4779,0,25,1701981086,312
3321c094,29.525,-98.472,0,0,1701981083,329
3321c531,29.5282,-98.4709,0,0,1701981085,39
3321cc93,29.5292,-98.472,0,0,1701981086,174
3321d291,29.5395,-98.4832,0,16,1701981062,312
3321d5e7,29.5238,-98.4716,0,6,1701981021,90
332195e8,29.5353,-98.4779,0,25,1701981086,312
3321c094,29.525,-98.472,0,0,1701981083,329
3321c531,29.5282,-98.4709,0,0,1701981085,39
3321cc93,29.5292,-98.472,0,0,1701981086,174
3321d291,29.5395,-98.4832,0,16,1701981062,312
3321d5e7,29.5238,-98.4716,0,6,1701981021,90
332195e8,29.5353,-98.4779,0,25,1701981086,312
3321c094,29.525,-98.472,0,0,1701981083,329
3321c531,29.5282,-98.4709,0,0,1701981085,39
3321cc93,29.5292,-98.472,0,0,1701981086,174
3321d291,29.5395,-98.4832,0,16,1701981062,312
3321d5e7,29.5238,-98.4716,0,6,1701981021,90
332195e8,29.5357,-98.4784,0,25,1701981091,312
3321c094,29.525,-98.472,0,0,1701981087,329
3321c531,29.5282,-98.4709,0,0,1701981091,39
3321cc93,29.5292,-98.472,0,0,1701981091,174
3321d291,29.5395,-98.4832,0,16,1701981062,312
3321d5e7,29.5238,-98.4716,0,6,1701981021,90
332195e8,29.5357,-98.4784,0,25,1701981091,312
3321c094,29.525,-98.472,0,0,1701981087,329
3321c531,29.5282,-98.4709,0,0,1701981091,39
3321cc93,29.5292,-98.472,0,0,1701981091,174
3321d291,29.5395,-98.4832,0,16,1701981062,312
3321d5e7,29.5238,-98.4716,0,6,1701981021,90
332195e8,29.5357,-98.4784,0,25,1701981091,312
3321c094,29.525,-98.472,0,0,1701981087,329
3321c531,29.5282,-98.4709,0,0,1701981091,39
3321cc93,29.5292,-98.472,0,0,1701981091,174
3321d291,29.5395,-98.4832,0,16,1701981062,312
3321d5e7,29.5238,-98.4716,0,6,1701981021,90
332195e8,29.5357,-98.4784,0,25,1701981091,312
3321c094,29.525,-98.472,0,0,1701981093,329
3321c531,29.5282,-98.4709,0,0,1701981096,39
3321cc93,29.5292,-98.472,0,0,1701981096,174
3321d291,29.5395,-98.4832,0,16,1701981062,312
3321d5e7,29.5238,-98.4716,0,6,1701981021,90
332195e8,29.5357,-98.4784,0,25,1701981091,312
3321c094,29.525,-98.472,0,0,1701981093,329
3321c531,29.5282,-98.4709,0,0,1701981096,39
3321cc93,29.5292,-98.472,0,0,1701981096,174
3321d291,29.5395,-98.4832,0,16,1701981062,312
3321d5e7,29.5238,-98.4716,0,6,1701981021,90
332195e8,29.5357,-98.4784,0,25,1701981091,312
3321c094,29.525,-98.472,0,0,1701981093,329
3321c531,29.5282,-98.4709,0,0,1701981096,39
3321cc93,29.5292,-98.472,0,0,1701981096,174
3321d291,29.5395,-98.4832,0,16,1701981062,312
3321d5e7,29.5238,-98.4716,0,6,1701981021,90
332195e8,29.5357,-98.4784,0,25,1701981091,312
3321c094,29.525,-98.472,0,0,1701981093,329
3321c531,29.5282,-98.4709,0,0,1701981101,39
3321cc93,29.5292,-98.472,0,0,1701981101,174
3321d291,29.5395,-98.4832,0,16,1701981062,312
3321d5e7,29.5238,-98.4716,0,6,1701981021,90
332195e8,29.5357,-98.4784,0,25,1701981091,312
3321c094,29.525,-98.472,0,0,1701981093,329
3321c531,29.5282,-98.4709,0,0,1701981101,39
3321cc93,29.5292,-98.472,0,0,1701981101,174
3321d291,29.5395,-98.4832,0,16,1701981062,312
3321d5e7,29.5238,-98.4716,0,6,1701981021,90
332195e8,29.5357,-98.4784,0,25,1701981091,312
3321c094,29.525,-98.472,0,0,1701981093,329
3321c531,29.5282,-98.4709,0,0,1701981101,39
3321cc93,29.5292,-98.472,0,0,1701981101,174
3321d291,29.5395,-98.4832,0,16,1701981062,312
3321d5e7,29.5238,-98.4716,0,6,1701981021,90
332195e8,29.5357,-98.4784,0,25,1701981091,312
3321c094,29.525,-98.472,0,0,1701981093,329
3321c531,29.5282,-98.4709,0,0,1701981101,39
3321cc93,29.5292,-98.472,0,0,1701981101,174
3321d291,29.5395,-98.4832,0,16,1701981062,312
3321d5e7,29.5238,-98.4716,0,6,1701981021,90
332195e8,29.5357,-98.4784,0,25,1701981091,312
3321c094,29.525,-98.472,0,0,1701981093,329
3321c531,29.5282,-98.4709,0,0,1701981101,39
3321cc93,29.5292,-98.472,0,0,1701981101,174
3321d291,29.5395,-98.4832,0,16,1701981062,312
3321d5e7,29.5238,-98.4716,0,6,1701981021,90
332195e8,29.5357,-98.4784,0,25,1701981091,312
3321c094,29.525,-98.472,0,0,1701981093,329
3321c531,29.5282,-98.4709,0,0,1701981101,39
3321cc93,29.5292,-98.472,0,0,1701981101,174
3321d291,29.5395,-98.4832,0,16,1701981062,312
3321d5e7,29.5238,-98.4716,0,6,1701981021,90
332195e8,29.5357,-98.4784,0,25,1701981091,312
3321c094,29.525,-98.472,0,0,1701981093,329
3321c531,29.5282,-98.4709,0,0,1701981101,39
3321cc93,29.5292,-98.472,0,0,1701981101,174
3321d291,29.5395,-98.4832,0,16,1701981062,312
3321d5e7,29.5238,-98.4716,0,6,1701981021,90
332195e8,29.5357,-98.4784,0,25,1701981091,312
3321c094,29.525,-98.472,0,0,1701981102,329
3321c531,29.5282,-98.4709,0,0,1701981106,39
3321cc93,29.5292,-98.472,0,0,1701981106,174
3321d291,29.5395,-98.4832,0,16,1701981062,312
3321d5e7,29.5238,-98.4716,0,6,1701981021,90
332195e8,29.5357,-98.4784,0,25,1701981091,312
3321c094,29.525,-98.472,0,0,1701981102,329
3321c531,29.5282,-98.4709,0,0,1701981106,39
3321cc93,29.5292,-98.472,0,0,1701981106,174
3321d291,29.5395,-98.4832,0,16,1701981062,312
332195e8,29.5357,-98.4784,0,25,1701981091,312
3321c094,29.525,-98.472,0,0,1701981102,329
3321c531,29.5282,-98.4709,0,0,1701981106,39
3321cc93,29.5292,-98.472,0,0,1701981106,174
3321d291,29.5395,-98.4832,0,16,1701981062,312
332195e8,29.5357,-98.4784,0,25,1701981091,312
3321c094,29.525,-98.472,0,0,1701981107,329
3321c531,29.5282,-98.4709,0,0,1701981106,39
3321cc93,29.5292,-98.472,0,0,1701981111,174
3321d291,29.5395,-98.4832,0,16,1701981062,312
332195e8,29.5357,-98.4784,0,25,1701981091,312
3321c094,29.525,-98.472,0,0,1701981107,329
3321c531,29.5282,-98.4709,0,0,1701981106,39
3321cc93,29.5292,-98.472,0,0,1701981111,174
3321d291,29.5395,-98.4832,0,16,1701981062,312
332195e8,29.5357,-98.4784,0,25,1701981091,312
3321c094,29.525,-98.472,0,0,1701981107,329
3321c531,29.5282,-98.4709,0,0,1701981106,39
3321cc93,29.5292,-98.472,0,0,1701981111,174
3321d291,29.5395,-98.4832,0,16,1701981062,312
332195e8,29.5377,-98.4809,0,26,1701981116,309
3321c094,29.525,-98.472,0,0,1701981107,329
3321c531,29.5282,-98.4709,0,0,1701981115,39
3321cc93,29.5292,-98.472,0,0,1701981116,174
3321ccba,29.5382,-98.485,0,0,1701981117,14
3321d291,29.5395,-98.4832,0,16,1701981062,312
332195e8,29.5377,-98.4809,0,26,1701981116,309
3321c094,29.525,-98.472,0,0,1701981107,329
3321c531,29.5282,-98.4709,0,0,1701981115,39
3321cc93,29.5292,-98.472,0,0,1701981116,174
3321ccba,29.5382,-98.485,0,0,1701981117,14
3321d291,29.5395,-98.4832,0,16,1701981062,312
332195e8,29.5377,-98.4809,0,26,1701981116,309
3321c094,29.525,-98.472,0,0,1701981107,329
3321c531,29.5282,-98.4709,0,0,1701981115,39
3321cc93,29.5292,-98.472,0,0,1701981116,174
3321ccba,29.5382,-98.485,0,0,1701981117,14
3321d291,29.5395,-98.4832,0,16,1701981062,312
332195e8,29.5379,-98.4812,0,25,1701981118,312
3321c094,29.525,-98.472,0,0,1701981107,329
3321c531,29.5282,-98.4709,0,0,1701981115,39
3321cc93,29.5292,-98.472,0,0,1701981116,174
3321ccba,29.5382,-98.485,0,0,1701981117,14
3321d291,29.5395,-98.4832,0,16,1701981062,312
332195e8,29.5379,-98.4812,0,25,1701981118,312
3321c094,29.525,-98.472,0,0,1701981107,329
3321c531,29.5282,-98.4709,0,0,1701981115,39
3321cc93,29.5292,-98.472,0,0,1701981116,174
3321ccba,29.5382,-98.485,0,0,1701981117,14
3321d291,29.5395,-98.4832,0,16,1701981062,312
332195e8,29.5379,-98.4812,0,25,1701981118,312
3321c094,29.525,-98.472,0,0,1701981107,329
3321c531,29.5282,-98.4709,0,0,1701981115,39
3321cc93,29.5292,-98.472,0,0,1701981116,174
3321ccba,29.5382,-98.485,0,0,1701981117,14
3321d291,29.5395,-98.4832,0,16,1701981062,312
332195e8,29.5383,-98.4817,0,24,1701981124,312
3321c094,29.525,-98.472,0,0,1701981117,329
3321c531,29.5282,-98.4709,0,0,1701981121,39
3321cc93,29.5292,-98.472,0,0,1701981121,174
3321ccba,29.5383,-98.485,0,0,1701981122,42
3321d291,29.5395,-98.4832,0,16,1701981062,312
332195e8,29.5383,-98.4817,0,24,1701981124,312
3321c094,29.525,-98.472,0,0,1701981117,329
3321c531,29.5282,-98.4709,0,0,1701981121,39
3321cc93,29.5292,-98.472,0,0,1701981121,174
3321ccba,29.5383,-98.485,0,0,1701981122,42
3321d291,29.5395,-98.4832,0,16,1701981062,312
332195e8,29.5383,-98.4817,0,24,1701981124,312
3321c094,29.525,-98.472,0,0,1701981117,329
3321c531,29.5282,-98.4709,0,0,1701981121,39
3321cc93,29.5292,-98.472,0,0,1701981121,174
3321ccba,29.5383,-98.485,0,0,1701981122,42
3321d291,29.5395,-98.4832,0,16,1701981062,312
332195e8,29.5383,-98.4817,0,24,1701981124,312
3321c094,29.525,-98.472,0,0,1701981117,329
3321c531,29.5282,-98.4709,0,0,1701981121,39
3321cc93,29.5292,-98.472,0,0,1701981121,174
3321ccba,29.5383,-98.485,0,0,1701981122,42
3321d291,29.5395,-98.4832,0,16,1701981062,312
332195e8,29.5383,-98.4817,0,24,1701981124,312
3321c094,29.525,-98.472,0,0,1701981127,329
3321c531,29.5282,-98.4709,0,0,1701981121,39
3321cc93,29.5292,-98.472,0,0,1701981126,174
3321ccba,29.5384,-98.4849,0,0,1701981127,45
3321d291,29.5395,-98.4832,0,16,1701981062,312
332195e8,29.5383,-98.4817,0,24,1701981124,312
3321c094,29.525,-98.472,0,0,1701981127,329
3321c531,29.5282,-98.4709,0,0,1701981121,39
3321cc93,29.5292,-98.472,0,0,1701981126,174
3321ccba,29.5384,-98.4849,0,0,1701981127,45
3321d291,29.5395,-98.4832,0,16,1701981062,312
332195e8,29.5383,-98.4817,0,24,1701981124,312
3321c094,29.525,-98.472,0,0,1701981127,329
3321c531,29.5282,-98.4709,0,0,1701981121,39
3321cc93,29.5292,-98.472,0,0,1701981126,174
3321ccba,29.5384,-98.4849,0,0,1701981127,45
3321d291,29.5395,-98.4832,0,16,1701981062,312
332195e8,29.5383,-98.4817,0,24,1701981124,312
3321c094,29.525,-98.472,0,0,1701981127,329
3321c531,29.5282,-98.4709,0,0,1701981121,39
3321cc93,29.5292,-98.472,0,0,1701981131,174
3321ccba,29.5385,-98.4847,0,0,1701981132,45
3321d291,29.5395,-98.4832,0,16,1701981062,312
332195e8,29.5383,-98.4817,0,24,1701981124,312
3321c094,29.525,-98.472,0,0,1701981127,329
3321c531,29.5282,-98.4709,0,0,1701981121,39
3321cc93,29.5292,-98.472,0,0,1701981131,174
3321ccba,29.5385,-98.4847,0,0,1701981132,45
3321d291,29.5395,-98.4832,0,16,1701981062,312
332195e8,29.5383,-98.4817,0,24,1701981124,312
3321c094,29.525,-98.472,0,0,1701981127,329
3321c531,29.5282,-98.4709,0,0,1701981121,39
3321cc93,29.5292,-98.472,0,0,1701981131,174
3321ccba,29.5385,-98.4847,0,0,1701981132,45
3321d291,29.5395,-98.4832,0,16,1701981062,312
332195e8,29.5383,-98.4817,0,24,1701981124,312
3321c094,29.525,-98.472,0,0,1701981127,329
3321c531,29.5282,-98.4709,0,0,1701981136,39
3321cc93,29.5292,-98.472,0,0,1701981136,174
3321ccba,29.5387,-98.4846,0,0,1701981137,42
3321d291,29.5395,-98.4832,0,16,1701981062,312
332195e8,29.5383,-98.4817,0,24,1701981124,312
3321c094,29.525,-98.472,0,0,1701981127,329
3321c531,29.5282,-98.4709,0,0,1701981136,39
3321cc93,29.5292,-98.472,0,0,1701981136,174
3321ccba,29.5387,-98.4846,0,0,1701981137,42
3321d291,29.5395,-98.4832,0,16,1701981062,312
332195e8,29.5383,-98.4817,0,24,1701981124,312
3321c094,29.525,-98.472,0,0,1701981127,329
3321c531,29.5282,-98.4709,0,0,1701981136,39
3321cc93,29.5292,-98.472,0,0,1701981136,174
3321ccba,29.5387,-98.4846,0,0,1701981137,42
3321d291,29.5395,-98.4832,0,16,1701981062,312
332195e8,29.5383,-98.4817,0,24,1701981124,312
3321c094,29.525,-98.472,0,0,1701981127,329
3321c531,29.5282,-98.4709,0,0,1701981141,39
3321cc93,29.5292,-98.472,0,0,1701981141,174
3321ccba,29.5388,-98.4845,0,0,1701981141,42
3321d291,29.5395,-98.4832,0,16,1701981062,312
332195e8,29.5383,-98.4817,0,24,1701981124,312
3321c094,29.525,-98.472,0,0,1701981127,329
3321c531,29.5282,-98.4709,0,0,1701981141,39
3321cc93,29.5292,-98.472,0,0,1701981141,174
3321ccba,29.5388,-98.4845,0,0,1701981141,42
3321d291,29.5395,-98.4832,0,16,1701981062,312
332195e8,29.5383,-98.4817,0,24,1701981124,312
3321c094,29.525,-98.472,0,0,1701981127,329
3321c531,29.5282,-98.4709,0,0,1701981141,39
3321cc93,29.5292,-98.472,0,0,1701981141,174
3321ccba,29.5388,-98.4845,0,0,1701981141,42
3321d291,29.5395,-98.4832,0,16,1701981062,312
332195e8,29.5383,-98.4817,0,24,1701981124,312
3321c094,29.525,-98.472,0,0,1701981127,329
3321c531,29.5282,-98.4709,0,0,1701981141,39
3321cc93,29.5292,-98.472,0,0,1701981141,174
3321ccba,29.5388,-98.4844,0,0,1701981144,42
3321d291,29.5395,-98.4832,0,16,1701981062,312
3321d5e7,29.5237,-98.4703,0,6,1701981143,123
332195e8,29.5383,-98.4817,0,24,1701981124,312
3321c094,29.525,-98.472,0,0,1701981127,329
3321c531,29.5282,-98.4709,0,0,1701981141,39
3321cc93,29.5292,-98.472,0,0,1701981141,174
3321ccba,29.5388,-98.4844,0,0,1701981144,42
3321d291,29.5395,-98.4832,0,16,1701981062,312
3321d5e7,29.5237,-98.4703,0,6,1701981143,123
332195e8,29.5383,-98.4817,0,24,1701981124,312
3321c094,29.525,-98.472,0,0,1701981127,329
3321c531,29.5282,-98.4709,0,0,1701981141,39
3321cc93,29.5292,-98.472,0,0,1701981141,174
3321ccba,29.5388,-98.4844,0,0,1701981144,42
3321d291,29.5395,-98.4832,0,16,1701981062,312
3321d5e7,29.5237,-98.4703,0,6,1701981143,123
332195e8,29.5383,-98.4817,0,24,1701981124,312
3321c094,29.525,-98.472,0,0,1701981127,329
3321c531,29.5282,-98.4709,0,0,1701981141,39
3321cc93,29.5292,-98.472,0,0,1701981141,174
3321ccba,29.5388,-98.4844,0,0,1701981144,42
3321d291,29.5395,-98.4832,0,16,1701981062,312
3321d5e7,29.5237,-98.4703,0,6,1701981143,123
332195e8,29.5383,-98.4817,0,24,1701981124,312
3321c094,29.525,-98.472,0,0,1701981127,329
3321c531,29.5283,-98.4708,0,3,1701981149,42
3321cc93,29.5292,-98.472,0,0,1701981146,174
3321ccba,29.539,-98.4843,0,10,1701981148,42
3321d291,29.5395,-98.4832,0,16,1701981062,312
3321d5e7,29.5235,-98.4702,0,6,1701981148,129
332195e8,29.5383,-98.4817,0,24,1701981124,312
3321c094,29.525,-98.472,0,0,1701981127,329
3321c531,29.5283,-98.4708,0,3,1701981149,42
3321cc93,29.5292,-98.472,0,0,1701981146,174
3321ccba,29.539,-98.4843,0,10,1701981148,42
3321d291,29.5395,-98.4832,0,16,1701981062,312
3321d5e7,29.5235,-98.4702,0,6,1701981148,129
332195e8,29.5383,-98.4817,0,24,1701981124,312
3321c094,29.525,-98.472,0,0,1701981127,329
3321c531,29.5283,-98.4708,0,3,1701981149,42
3321cc93,29.5292,-98.472,0,0,1701981146,174
3321ccba,29.539,-98.4843,0,10,1701981148,42
3321d5e7,29.5235,-98.4702,0,6,1701981148,129
332195e8,29.5383,-98.4817,0,24,1701981124,312
3321c094,29.525,-98.472,0,0,1701981127,329
3321c531,29.5283,-98.4708,0,4,1701981153,42
3321cc93,29.5292,-98.472,0,0,1701981151,174
3321ccba,29.5391,-98.4841,0,10,1701981152,42
3321d5e7,29.5235,-98.47,0,6,1701981153,129
332195e8,29.5383,-98.4817,0,24,1701981124,312
3321c094,29.525,-98.472,0,0,1701981127,329
3321c531,29.5283,-98.4708,0,4,1701981153,42
3321cc93,29.5292,-98.472,0,0,1701981151,174
3321ccba,29.5391,-98.4841,0,10,1701981152,42
3321d5e7,29.5235,-98.47,0,6,1701981153,129
332195e8,29.5383,-98.4817,0,24,1701981124,312
3321c094,29.525,-98.472,0,0,1701981127,329
3321c531,29.5283,-98.4708,0,4,1701981153,42
3321cc93,29.5292,-98.472,0,0,1701981151,174
3321ccba,29.5391,-98.4841,0,10,1701981152,42
3321d5e7,29.5235,-98.47,0,6,1701981153,129
332195e8,29.5383,-98.4817,0,24,1701981124,312
3321c094,29.525,-98.472,0,0,1701981127,329
3321c531,29.5284,-98.4707,0,4,1701981157,42
3321cc93,29.5292,-98.472,0,0,1701981156,174
3321ccba,29.5393,-98.484,0,10,1701981157,42
3321d5e7,29.5234,-98.4699,0,5,1701981157,129
332195e8,29.5383,-98.4817,0,24,1701981124,312
3321c094,29.525,-98.472,0,0,1701981127,329
3321c531,29.5284,-98.4707,0,4,1701981157,42
3321cc93,29.5292,-98.472,0,0,1701981156,174
3321ccba,29.5393,-98.484,0,10,1701981157,42
3321d5e7,29.5234,-98.4699,0,5,1701981157,129
332195e8,29.5383,-98.4817,0,24,1701981124,312
3321c094,29.525,-98.472,0,0,1701981127,329
3321c531,29.5284,-98.4707,0,4,1701981157,42
3321cc93,29.5292,-98.472,0,0,1701981156,174
3321ccba,29.5393,-98.484,0,10,1701981157,42
3321d5e7,29.5234,-98.4699,0,5,1701981157,129
332195e8,29.5383,-98.4817,0,24,1701981124,312
3321c094,29.525,-98.472,0,0,1701981127,329
3321c531,29.5284,-98.4706,0,5,1701981161,42
3321cc93,29.5292,-98.472,0,0,1701981161,174
3321ccba,29.5394,-98.4839,0,10,1701981159,42
3321d5e7,29.5234,-98.4698,0,6,1701981161,118
332195e8,29.5383,-98.4817,0,24,1701981124,312
3321c094,29.525,-98.472,0,0,1701981127,329
3321c531,29.5284,-98.4706,0,5,1701981161,42
3321cc93,29.5292,-98.472,0,0,1701981161,174
3321ccba,29.5394,-98.4839,0,10,1701981159,42
3321d5e7,29.5234,-98.4698,0,6,1701981161,118
332195e8,29.5383,-98.4817,0,24,1701981124,312
3321c094,29.525,-98.472,0,0,1701981127,329
3321c531,29.5284,-98.4706,0,5,1701981161,42
3321cc93,29.5292,-98.472,0,0,1701981161,174
3321ccba,29.5394,-98.4839,0,10,1701981159,42
3321d5e7,29.5234,-98.4698,0,6,1701981161,118
332195e8,29.5383,-98.4817,0,24,1701981124,312
3321c094,29.525,-98.472,0,0,1701981161,329
3321c531,29.5285,-98.4706,0,6,1701981165,36
3321cc93,29.5292,-98.472,0,0,1701981161,174
3321ccba,29.5396,-98.4838,0,8,1701981165,19
3321d5e7,29.5234,-98.4697,0,6,1701981165,92
332195e8,29.5383,-98.4817,0,24,1701981124,312
3321c094,29.525,-98.472,0,0,1701981161,329
3321c531,29.5285,-98.4706,0,6,1701981165,36
3321cc93,29.5292,-98.472,0,0,1701981161,174
3321ccba,29.5396,-98.4838,0,8,1701981165,19
3321d5e7,29.5234,-98.4697,0,6,1701981165,92
332195e8,29.5383,-98.4817,0,24,1701981124,312
3321c094,29.525,-98.472,0,0,1701981161,329
3321c531,29.5285,-98.4706,0,6,1701981165,36
3321cc93,29.5292,-98.472,0,0,1701981161,174
3321ccba,29.5396,-98.4838,0,8,1701981165,19
3321d5e7,29.5234,-98.4697,0,6,1701981165,92
332195e8,29.541,-98.4852,0,0,1701981168,312
3321c094,29.525,-98.472,0,0,1701981161,329
3321c531,29.5287,-98.4705,0,8,1701981169,25
3321cc93,29.5292,-98.472,0,0,1701981166,174
3321ccba,29.5397,-98.4837,0,8,1701981168,8
3321d5e7,29.5235,-98.4696,0,7,1701981169,64
332195e8,29.541,-98.4852,0,0,1701981168,312
3321c094,29.525,-98.472,0,0,1701981161,329
3321c531,29.5287,-98.4705,0,8,1701981169,25
3321cc93,29.5292,-98.472,0,0,1701981166,174
3321ccba,29.5397,-98.4837,0,8,1701981168,8
3321d5e7,29.5235,-98.4696,0,7,1701981169,64
332195e8,29.541,-98.4852,0,0,1701981168,312
3321c094,29.525,-98.472,0,0,1701981161,329
3321c531,29.5287,-98.4705,0,8,1701981169,25
3321cc93,29.5292,-98.472,0,0,1701981166,174
3321ccba,29.5397,-98.4837,0,8,1701981168,8
3321d5e7,29.5235,-98.4696,0,7,1701981169,64
332195e8,29.541,-98.4852,0,0,1701981168,312
3321c094,29.525,-98.472,0,0,1701981161,329
3321c531,29.5287,-98.4705,0,8,1701981169,25
3321cc93,29.5292,-98.472,0,0,1701981166,174
3321ccba,29.5397,-98.4837,0,8,1701981168,8
3321d5e7,29.5235,-98.4696,0,7,1701981169,64
332195e8,29.541,-98.4852,0,0,1701981168,312
3321c094,29.525,-98.472,0,0,1701981161,329
3321c531,29.5288,-98.4705,0,7,1701981173,11
3321cc93,29.5292,-98.472,0,0,1701981171,174
3321ccba,29.5397,-98.4837,0,8,1701981168,8
3321d5e7,29.5236,-98.4695,0,12,1701981173,45
332195e8,29.541,-98.4852,0,0,1701981168,312
3321c094,29.525,-98.472,0,0,1701981161,329
3321c531,29.5288,-98.4705,0,7,1701981173,11
3321cc93,29.5292,-98.472,0,0,1701981171,174
3321ccba,29.5397,-98.4837,0,8,1701981168,8
3321d5e7,29.5236,-98.4695,0,12,1701981173,45
332195e8,29.541,-98.4852,0,0,1701981168,312
3321c094,29.525,-98.472,0,0,1701981161,329
3321c531,29.5288,-98.4705,0,7,1701981173,11
3321cc93,29.5292,-98.472,0,0,1701981171,174
3321ccba,29.5397,-98.4837,0,8,1701981168,8
3321d5e7,29.5236,-98.4695,0,12,1701981173,45
332195e8,29.541,-98.4852,0,0,1701981168,312
3321c094,29.525,-98.472,0,0,1701981176,329
3321c531,29.5288,-98.4705,0,5,1701981176,2
3321cc93,29.5292,-98.472,0,0,1701981176,174
3321ccba,29.54,-98.4839,0,9,1701981177,315
3321d5e7,29.5238,-98.4693,0,19,1701981176,42
332195e8,29.541,-98.4852,0,0,1701981168,312
3321c094,29.525,-98.472,0,0,1701981176,329
3321c531,29.5288,-98.4705,0,5,1701981176,2
3321cc93,29.5292,-98.472,0,0,1701981176,174
3321ccba,29.54,-98.4839,0,9,1701981177,315
3321d5e7,29.5238,-98.4693,0,19,1701981176,42
332195e8,29.541,-98.4852,0,0,1701981168,312
3321c094,29.525,-98.472,0,0,1701981176,329
3321c531,29.5288,-98.4705,0,5,1701981176,2
3321cc93,29.5292,-98.472,0,0,1701981176,174
3321ccba,29.54,-98.4839,0,9,1701981177,315
3321d5e7,29.5238,-98.4693,0,19,1701981176,42
332195e8,29.541,-98.4852,0,0,1701981168,312
3321c094,29.525,-98.472,0,0,1701981176,329
3321c531,29.5289,-98.4705,0,2,1701981180,351
3321cc93,29.5292,-98.472,0,0,1701981176,174
3321ccba,29.5401,-98.484,0,9,1701981179,312
3321d5e7,29.5242,-98.469,0,33,1701981179,39
332195e8,29.541,-98.4852,0,0,1701981168,312
3321c094,29.525,-98.472,0,0,1701981176,329
3321c531,29.5289,-98.4705,0,2,1701981180,351
3321cc93,29.5292,-98.472,0,0,1701981176,174
3321ccba,29.5401,-98.484,0,9,1701981179,312
3321d5e7,29.5242,-98.469,0,33,1701981179,39
332195e8,29.541,-98.4852,0,0,1701981168,312
3321c094,29.525,-98.472,0,0,1701981176,329
3321c531,29.5289,-98.4705,0,2,1701981180,351
3321cc93,29.5292,-98.472,0,0,1701981176,174
3321ccba,29.5401,-98.484,0,9,1701981179,312
3321d5e7,29.5242,-98.469,0,33,1701981179,39
332195e8,29.541,-98.4852,0,0,1701981168,312
3321c094,29.525,-98.472,0,0,1701981176,329
3321c531,29.529,-98.4706,0,4,1701981184,334
3321cc93,29.5292,-98.472,0,0,1701981181,174
3321ccba,29.5402,-98.4842,0,9,1701981185,315
3321d5e7,29.5251,-98.4681,0,0,1701981184,42
332195e8,29.541,-98.4852,0,0,1701981168,312
3321c094,29.525,-98.472,0,0,1701981176,329
3321c531,29.529,-98.4706,0,4,1701981184,334
3321cc93,29.5292,-98.472,0,0,1701981181,174
3321ccba,29.5402,-98.4842,0,9,1701981185,315
3321d5e7,29.5251,-98.4681,0,0,1701981184,42
332195e8,29.541,-98.4852,0,0,1701981168,312
3321c094,29.525,-98.472,0,0,1701981176,329
3321c531,29.529,-98.4706,0,4,1701981184,334
3321cc93,29.5292,-98.472,0,0,1701981181,174
3321ccba,29.5402,-98.4842,0,9,1701981185,315
3321d5e7,29.5251,-98.4681,0,0,1701981184,42
332195e8,29.541,-98.4852,0,0,1701981168,312
3321c094,29.525,-98.472,0,0,1701981176,329
3321c531,29.529,-98.4706,0,4,1701981188,317
3321cc93,29.5292,-98.472,0,0,1701981186,174
3321ccba,29.5403,-98.4843,0,8,1701981188,312
3321d5e7,29.526,-98.4672,0,82,1701981188,42
332195e8,29.541,-98.4852,0,0,1701981168,312
3321c094,29.525,-98.472,0,0,1701981176,329
3321c531,29.529,-98.4706,0,4,1701981188,317
3321cc93,29.5292,-98.472,0,0,1701981186,174
3321ccba,29.5403,-98.4843,0,8,1701981188,312
3321d5e7,29.526,-98.4672,0,82,1701981188,42
332195e8,29.541,-98.4852,0,0,1701981168,312
3321c094,29.525,-98.472,0,0,1701981176,329
3321c531,29.529,-98.4706,0,4,1701981188,317
3321cc93,29.5292,-98.472,0,0,1701981186,174
3321ccba,29.5403,-98.4843,0,8,1701981188,312
3321d5e7,29.526,-98.4672,0,82,1701981188,42
332195e8,29.541,-98.4852,0,0,1701981168,312
3321c094,29.525,-98.472,0,0,1701981190,329
3321c531,29.5291,-98.4707,0,5,1701981192,306
3321cc93,29.5292,-98.472,0,0,1701981191,174
3321ccba,29.5404,-98.4844,0,6,1701981193,312
3321d5e7,29.526,-98.4672,0,82,1701981188,42
332195e8,29.541,-98.4852,0,0,1701981168,312
3321c094,29.525,-98.472,0,0,1701981190,329
3321c531,29.5291,-98.4707,0,5,1701981192,306
3321cc93,29.5292,-98.472,0,0,1701981191,174
3321ccba,29.5404,-98.4844,0,6,1701981193,312
3321d5e7,29.526,-98.4672,0,82,1701981188,42
332195e8,29.541,-98.4852,0,0,1701981168,312
3321c094,29.525,-98.472,0,0,1701981190,329
3321c531,29.5291,-98.4707,0,5,1701981192,306
3321cc93,29.5292,-98.472,0,0,1701981191,174
3321ccba,29.5404,-98.4844,0,6,1701981193,312
3321d5e7,29.526,-98.4672,0,82,1701981188,42
332195e8,29.541,-98.4852,0,0,1701981168,312
3321c094,29.525,-98.472,0,0,1701981190,329
3321c531,29.5291,-98.4708,0,7,1701981196,303
3321cc93,29.5292,-98.472,0,0,1701981196,174
3321ccba,29.5405,-98.4845,0,5,1701981196,312
332195e8,29.541,-98.4852,0,0,1701981168,312
3321c094,29.525,-98.472,0,0,1701981190,329
3321c531,29.5291,-98.4708,0,7,1701981196,303
3321cc93,29.5292,-98.472,0,0,1701981196,174
3321ccba,29.5405,-98.4845,0,5,1701981196,312
332195e8,29.541,-98.4852,0,0,1701981168,312
3321c094,29.525,-98.472,0,0,1701981190,329
3321c531,29.5291,-98.4708,0,7,1701981196,303
3321cc93,29.5292,-98.472,0,0,1701981196,174
3321ccba,29.5405,-98.4845,0,5,1701981196,312
332195e8,29.541,-98.4852,0,0,1701981168,312
3321c094,29.525,-98.472,0,0,1701981190,329
3321c531,29.5291,-98.4708,0,7,1701981196,303
3321cc93,29.5292,-98.472,0,0,1701981196,174
3321ccba,29.5405,-98.4845,0,5,1701981196,312
332195e8,29.541,-98.4852,0,0,1701981168,312
3321c094,29.525,-98.472,0,0,1701981190,329
3321c531,29.5292,-98.471,0,8,1701981200,303
3321cc93,29.5292,-98.472,0,0,1701981196,174
3321ccba,29.5405,-98.4846,0,4,1701981199,315
332195e8,29.541,-98.4852,0,0,1701981168,312
3321c094,29.525,-98.472,0,0,1701981190,329
3321c531,29.5292,-98.471,0,8,1701981200,303
3321cc93,29.5292,-98.472,0,0,1701981196,174
3321ccba,29.5405,-98.4846,0,4,1701981199,315
332195e8,29.541,-98.4852,0,0,1701981168,312
3321c094,29.525,-98.472,0,0,1701981190,329
3321c531,29.5292,-98.471,0,8,1701981200,303
3321cc93,29.5292,-98.472,0,0,1701981196,174
3321ccba,29.5405,-98.4846,0,4,1701981199,315
332195e8,29.541,-98.4852,0,0,1701981168,312
3321c094,29.525,-98.472,0,0,1701981201,329
3321c531,29.5293,-98.4711,0,9,1701981205,306
3321cc93,29.5292,-98.472,0,0,1701981201,174
3321ccba,29.5405,-98.4846,0,1,1701981204,312
332195e8,29.541,-98.4852,0,0,1701981168,312
3321c094,29.525,-98.472,0,0,1701981201,329
3321c531,29.5293,-98.4711,0,9,1701981205,306
3321cc93,29.5292,-98.472,0,0,1701981201,174
3321ccba,29.5405,-98.4846,0,1,1701981204,312
332195e8,29.541,-98.4852,0,0,1701981168,312
3321c094,29.525,-98.472,0,0,1701981201,329
3321c531,29.5293,-98.4711,0,9,1701981205,306
3321cc93,29.5292,-98.472,0,0,1701981201,174
3321ccba,29.5405,-98.4846,0,1,1701981204,312
332195e8,29.541,-98.4852,0,0,1701981168,312
3321c094,29.525,-98.472,0,0,1701981201,329
3321c531,29.5294,-98.4713,0,11,1701981209,309
3321cc93,29.5292,-98.472,0,0,1701981201,174
3321ccba,29.5405,-98.4846,0,1,1701981204,312
332195e8,29.541,-98.4852,0,0,1701981168,312
3321c094,29.525,-98.472,0,0,1701981201,329
3321c531,29.5294,-98.4713,0,11,1701981209,309
3321cc93,29.5292,-98.472,0,0,1701981201,174
3321ccba,29.5405,-98.4846,0,1,1701981204,312
332195e8,29.541,-98.4852,0,0,1701981168,312
3321c094,29.525,-98.472,0,0,1701981201,329
3321c531,29.5294,-98.4713,0,11,1701981209,309
3321cc93,29.5292,-98.472,0,0,1701981201,174
3321ccba,29.5405,-98.4846,0,1,1701981204,312
332195e8,29.541,-98.4852,0,0,1701981168,312
3321c094,29.525,-98.472,0,0,1701981211,329
3321c531,29.5295,-98.4714,0,12,1701981212,312
3321cc93,29.5292,-98.472,0,0,1701981211,174
3321ccba,29.5405,-98.4846,0,1,1701981204,312
332195e8,29.541,-98.4852,0,0,1701981168,312
3321c094,29.525,-98.472,0,0,1701981211,329
3321c531,29.5295,-98.4714,0,12,1701981212,312
3321cc93,29.5292,-98.472,0,0,1701981211,174
3321ccba,29.5405,-98.4846,0,1,1701981204,312
332195e8,29.541,-98.4852,0,0,1701981168,312
3321c094,29.525,-98.472,0,0,1701981211,329
3321c531,29.5295,-98.4714,0,12,1701981212,312
3321cc93,29.5292,-98.472,0,0,1701981211,174
3321ccba,29.5405,-98.4846,0,1,1701981204,312
332195e8,29.541,-98.4852,0,0,1701981168,312
3321c094,29.525,-98.472,0,0,1701981211,329
3321c531,29.5297,-98.4717,0,14,1701981217,315
3321cc93,29.5292,-98.472,0,0,1701981215,174
3321ccba,29.5405,-98.4846,0,1,1701981204,312
332195e8,29.541,-98.4852,0,0,1701981168,312
3321c094,29.525,-98.472,0,0,1701981211,329
3321c531,29.5297,-98.4717,0,14,1701981217,315
3321cc93,29.5292,-98.472,0,0,1701981215,174
3321ccba,29.5405,-98.4846,0,1,1701981204,312
332195e8,29.541,-98.4852,0,0,1701981168,312
3321c094,29.525,-98.472,0,0,1701981211,329
3321c531,29.5297,-98.4717,0,14,1701981217,315
3321cc93,29.5292,-98.472,0,0,1701981215,174
3321ccba,29.5405,-98.4846,0,1,1701981204,312
332195e8,29.541,-98.4852,0,0,1701981168,312
3321c094,29.525,-98.472,0,0,1701981211,329
3321c531,29.5299,-98.4718,0,15,1701981220,315
3321cc93,29.5292,-98.472,0,0,1701981221,174
3321ccba,29.5405,-98.4846,0,1,1701981204,312
332195e8,29.541,-98.4852,0,0,1701981168,312
3321c094,29.525,-98.472,0,0,1701981211,329
3321c531,29.5299,-98.4718,0,15,1701981220,315
3321cc93,29.5292,-98.472,0,0,1701981221,174
3321ccba,29.5405,-98.4846,0,1,1701981204,312
332195e8,29.541,-98.4852,0,0,1701981168,312
3321c094,29.525,-98.472,0,0,1701981211,329
3321c531,29.5299,-98.4718,0,15,1701981220,315
3321cc93,29.5292,-98.472,0,0,1701981221,174
3321ccba,29.5405,-98.4846,0,1,1701981204,312
332195e8,29.541,-98.4852,0,0,1701981168,312
3321c094,29.525,-98.472,0,0,1701981211,329
3321c531,29.5299,-98.4718,0,15,1701981220,315
3321cc93,29.5292,-98.472,0,0,1701981221,174
3321ccba,29.5405,-98.4846,0,1,1701981204,312
332195e8,29.541,-98.4852,0,0,1701981168,312
3321c094,29.525,-98.472,0,0,1701981211,329
3321c531,29.5301,-98.4721,0,16,1701981224,320
3321cc93,29.5292,-98.472,0,0,1701981221,174
3321ccba,29.5405,-98.4846,0,1,1701981204,312
332195e8,29.541,-98.4852,0,0,1701981168,312
3321c094,29.525,-98.472,0,0,1701981211,329
3321c531,29.5301,-98.4721,0,16,1701981224,320
3321cc93,29.5292,-98.472,0,0,1701981221,174
3321ccba,29.5405,-98.4846,0,1,1701981204,312
332195e8,29.541,-98.4852,0,0,1701981168,312
3321c094,29.525,-98.472,0,0,1701981211,329
3321c531,29.5301,-98.4721,0,16,1701981224,320
3321cc93,29.5292,-98.472,0,0,1701981221,174
3321ccba,29.5405,-98.4846,0,1,1701981204,312
332195e8,29.541,-98.4852,0,0,1701981168,312
3321c094,29.525,-98.472,0,0,1701981226,329
3321c531,29.5304,-98.4723,0,17,1701981228,329
3321cc93,29.5292,-98.472,0,0,1701981226,174
3321ccba,29.5405,-98.4846,0,1,1701981204,312
332195e8,29.541,-98.4852,0,0,1701981168,312
3321c094,29.525,-98.472,0,0,1701981226,329
3321c531,29.5304,-98.4723,0,17,1701981228,329
3321cc93,29.5292,-98.472,0,0,1701981226,174
3321ccba,29.5405,-98.4846,0,1,1701981204,312
332195e8,29.541,-98.4852,0,0,1701981168,312
3321c094,29.525,-98.472,0,0,1701981226,329
3321c531,29.5304,-98.4723,0,17,1701981228,329
3321cc93,29.5292,-98.472,0,0,1701981226,174
3321ccba,29.5405,-98.4846,0,1,1701981204,312
332195e8,29.541,-98.4852,0,0,1701981168,312
3321c094,29.525,-98.472,0,0,1701981226,329
3321c531,29.5307,-98.4725,0,17,1701981233,329
3321cc93,29.5292,-98.472,0,0,1701981231,174
3321ccba,29.5405,-98.4846,0,1,1701981204,312
332195e8,29.541,-98.4852,0,0,1701981168,312
3321c094,29.525,-98.472,0,0,1701981226,329
3321c531,29.5307,-98.4725,0,17,1701981233,329
3321cc93,29.5292,-98.472,0,0,1701981231,174
3321ccba,29.5405,-98.4846,0,1,1701981204,312
332195e8,29.541,-98.4852,0,0,1701981168,312
3321c094,29.525,-98.472,0,0,1701981226,329
3321c531,29.5307,-98.4725,0,17,1701981233,329
3321cc93,29.5292,-98.472,0,0,1701981231,174
3321ccba,29.5405,-98.4846,0,1,1701981204,312
332195e8,29.541,-98.4852,0,0,1701981168,312
3321c094,29.525,-98.472,0,0,1701981226,329
3321c531,29.531,-98.4727,0,18,1701981237,329
3321cc93,29.5292,-98.472,0,0,1701981236,174
3321ccba,29.5405,-98.4846,0,1,1701981204,312
332195e8,29.541,-98.4852,0,0,1701981168,312
3321c094,29.525,-98.472,0,0,1701981226,329
3321c531,29.531,-98.4727,0,18,1701981237,329
3321cc93,29.5292,-98.472,0,0,1701981236,174
3321ccba,29.5405,-98.4846,0,1,1701981204,312
332195e8,29.541,-98.4852,0,0,1701981168,312
3321c094,29.525,-98.472,0,0,1701981226,329
3321c531,29.531,-98.4727,0,18,1701981237,329
3321cc93,29.5292,-98.472,0,0,1701981236,174
3321ccba,29.5405,-98.4846,0,1,1701981204,312
332195e8,29.541,-98.4852,0,0,1701981168,312
3321c094,29.525,-98.472,0,0,1701981226,329
3321c531,29.5313,-98.473,0,19,1701981241,323
3321cc93,29.5292,-98.472,0,0,1701981241,174
3321ccba,29.5405,-98.4846,0,1,1701981204,312
332195e8,29.541,-98.4852,0,0,1701981168,312
3321c094,29.525,-98.472,0,0,1701981226,329
3321c531,29.5313,-98.473,0,19,1701981241,323
3321cc93,29.5292,-98.472,0,0,1701981241,174
3321ccba,29.5405,-98.4846,0,1,1701981204,312
332195e8,29.541,-98.4852,0,0,1701981168,312
3321c094,29.525,-98.472,0,0,1701981226,329
3321c531,29.5313,-98.473,0,19,1701981241,323
3321cc93,29.5292,-98.472,0,0,1701981241,174
3321ccba,29.5405,-98.4846,0,1,1701981204,312
332195e8,29.541,-98.4852,0,0,1701981168,312
3321c094,29.525,-98.472,0,0,1701981226,329
3321c531,29.5316,-98.4732,0,21,1701981245,320
3321cc93,29.5292,-98.472,0,0,1701981241,174
3321ccba,29.5405,-98.4846,0,1,1701981204,312
332195e8,29.541,-98.4852,0,0,1701981168,312
3321c094,29.525,-98.472,0,0,1701981226,329
3321c531,29.5316,-98.4732,0,21,1701981245,320
3321cc93,29.5292,-98.472,0,0,1701981241,174
3321ccba,29.5405,-98.4846,0,1,1701981204,312
332195e8,29.541,-98.4852,0,0,1701981168,312
3321c094,29.525,-98.472,0,0,1701981226,329
3321c531,29.5316,-98.4732,0,21,1701981245,320
3321cc93,29.5292,-98.472,0,0,1701981241,174
3321ccba,29.5405,-98.4846,0,1,1701981204,312
332195e8,29.541,-98.4852,0,0,1701981168,312
3321c094,29.525,-98.472,0,0,1701981226,329
3321c531,29.5316,-98.4732,0,21,1701981245,320
3321cc93,29.5292,-98.472,0,0,1701981241,174
3321ccba,29.5405,-98.4846,0,1,1701981204,312
332195e8,29.541,-98.4852,0,0,1701981168,312
3321c094,29.525,-98.472,0,0,1701981226,329
3321c531,29.532,-98.4736,0,22,1701981249,315
3321cc93,29.5292,-98.472,0,0,1701981245,174
3321ccba,29.5405,-98.4846,0,1,1701981204,312
332195e8,29.541,-98.4852,0,0,1701981168,312
3321c094,29.525,-98.472,0,0,1701981226,329
3321c531,29.532,-98.4736,0,22,1701981249,315
3321cc93,29.5292,-98.472,0,0,1701981245,174
3321ccba,29.5405,-98.4846,0,1,1701981204,312
332195e8,29.541,-98.4852,0,0,1701981168,312
3321c094,29.525,-98.472,0,0,1701981226,329
3321c531,29.532,-98.4736,0,22,1701981249,315
3321cc93,29.5292,-98.472,0,0,1701981245,174
3321ccba,29.5405,-98.4846,0,1,1701981204,312
332195e8,29.541,-98.4852,0,0,1701981168,312
3321c094,29.525,-98.472,0,0,1701981251,329
3321c531,29.5322,-98.4739,0,21,1701981253,312
3321cc93,29.5292,-98.472,0,0,1701981250,174
3321ccba,29.5405,-98.4846,0,1,1701981204,312
332195e8,29.541,-98.4852,0,0,1701981168,312
3321c094,29.525,-98.472,0,0,1701981251,329
3321c531,29.5322,-98.4739,0,21,1701981253,312
3321cc93,29.5292,-98.472,0,0,1701981250,174
3321ccba,29.5405,-98.4846,0,1,1701981204,312
332195e8,29.541,-98.4852,0,0,1701981168,312
3321c094,29.525,-98.472,0,0,1701981251,329
3321c531,29.5322,-98.4739,0,21,1701981253,312
3321cc93,29.5292,-98.472,0,0,1701981250,174
3321ccba,29.5405,-98.4846,0,1,1701981204,312
3321c094,29.525,-98.472,0,0,1701981251,329
3321c531,29.5325,-98.4742,0,21,1701981257,312
3321cc93,29.5292,-98.472,0,0,1701981256,174
3321ccba,29.5405,-98.4846,0,1,1701981204,312
3321c094,29.525,-98.472,0,0,1701981251,329
3321c531,29.5325,-98.4742,0,21,1701981257,312
3321cc93,29.5292,-98.472,0,0,1701981256,174
3321ccba,29.5405,-98.4846,0,1,1701981204,312
3321c094,29.525,-98.472,0,0,1701981251,329
3321c531,29.5325,-98.4742,0,21,1701981257,312
3321cc93,29.5292,-98.472,0,0,1701981256,174
3321ccba,29.5405,-98.4846,0,1,1701981204,312
3321c094,29.525,-98.472,0,0,1701981251,329
3321c531,29.5327,-98.4745,0,20,1701981260,309
3321cc93,29.5292,-98.472,0,0,1701981256,174
3321ccba,29.5405,-98.4846,0,1,1701981204,312
3321c094,29.525,-98.472,0,0,1701981251,329
3321c531,29.5327,-98.4745,0,20,1701981260,309
3321cc93,29.5292,-98.472,0,0,1701981256,174
3321ccba,29.5405,-98.4846,0,1,1701981204,312
3321c094,29.525,-98.472,0,0,1701981251,329
3321c531,29.5327,-98.4745,0,20,1701981260,309
3321cc93,29.5292,-98.472,0,0,1701981256,174
3321ccba,29.5405,-98.4846,0,1,1701981204,312
3321c094,29.525,-98.472,0,0,1701981260,329
3321c531,29.533,-98.4748,0,19,1701981264,312
3321cc93,29.5292,-98.472,0,0,1701981261,174
3321ccba,29.5405,-98.4846,0,1,1701981204,312
3321c094,29.525,-98.472,0,0,1701981260,329
3321c531,29.533,-98.4748,0,19,1701981264,312
3321cc93,29.5292,-98.472,0,0,1701981261,174
3321ccba,29.5405,-98.4846,0,1,1701981204,312
3321c094,29.525,-98.472,0,0,1701981260,329
3321c531,29.533,-98.4748,0,19,1701981264,312
3321cc93,29.5292,-98.472,0,0,1701981261,174
3321ccba,29.5405,-98.4846,0,1,1701981204,312
3321c094,29.525,-98.472,0,0,1701981260,329
3321c531,29.5331,-98.4751,0,18,1701981268,312
3321cc93,29.5292,-98.472,0,0,1701981265,174
3321ccba,29.5405,-98.4846,0,1,1701981204,312
3321c094,29.525,-98.472,0,0,1701981260,329
3321c531,29.5331,-98.4751,0,18,1701981268,312
3321cc93,29.5292,-98.472,0,0,1701981265,174
3321ccba,29.5405,-98.4846,0,1,1701981204,312
3321c094,29.525,-98.472,0,0,1701981260,329
3321c531,29.5331,-98.4751,0,18,1701981268,312
3321cc93,29.5292,-98.472,0,0,1701981265,174
3321ccba,29.5405,-98.4846,0,1,1701981204,312
3321c094,29.525,-98.472,0,0,1701981260,329
3321c531,29.5334,-98.4754,0,17,1701981273,312
3321cc93,29.5292,-98.472,0,0,1701981271,174
3321ccba,29.5405,-98.4846,0,1,1701981204,312
3321c094,29.525,-98.472,0,0,1701981260,329
3321c531,29.5334,-98.4754,0,17,1701981273,312
3321cc93,29.5292,-98.472,0,0,1701981271,174
3321ccba,29.5405,-98.4846,0,1,1701981204,312
3321c094,29.525,-98.472,0,0,1701981260,329
3321c531,29.5334,-98.4754,0,17,1701981273,312
3321cc93,29.5292,-98.472,0,0,1701981271,174
3321ccba,29.5405,-98.4846,0,1,1701981204,312
3321c094,29.525,-98.472,0,0,1701981260,329
3321c531,29.5335,-98.4755,0,17,1701981274,312
3321cc93,29.5292,-98.472,0,0,1701981275,174
3321ccba,29.5405,-98.4846,0,1,1701981204,312
3321c094,29.525,-98.472,0,0,1701981260,329
3321c531,29.5335,-98.4755,0,17,1701981274,312
3321cc93,29.5292,-98.472,0,0,1701981275,174
3321ccba,29.5405,-98.4846,0,1,1701981204,312
3321c094,29.525,-98.472,0,0,1701981260,329
3321c531,29.5335,-98.4755,0,17,1701981274,312
3321cc93,29.5292,-98.472,0,0,1701981275,174
3321ccba,29.5405,-98.4846,0,1,1701981204,312
3321c094,29.525,-98.472,0,0,1701981260,329
3321c531,29.5338,-98.4759,0,15,1701981281,312
3321cc93,29.5292,-98.472,0,0,1701981280,174
3321ccba,29.5405,-98.4846,0,1,1701981204,312
3321c094,29.525,-98.472,0,0,1701981260,329
3321c531,29.5338,-98.4759,0,15,1701981281,312
3321cc93,29.5292,-98.472,0,0,1701981280,174
3321ccba,29.5405,-98.4846,0,1,1701981204,312
3321c094,29.525,-98.472,0,0,1701981260,329
3321c531,29.5338,-98.4759,0,15,1701981281,312
3321cc93,29.5292,-98.472,0,0,1701981280,174
3321ccba,29.5405,-98.4846,0,1,1701981204,312
3321c094,29.525,-98.472,0,0,1701981280,329
3321c531,29.534,-98.4762,0,15,1701981284,309
3321cc93,29.5292,-98.472,0,0,1701981280,174
3321ccba,29.5405,-98.4846,0,1,1701981204,312
3321c094,29.525,-98.472,0,0,1701981280,329
3321c531,29.534,-98.4762,0,15,1701981284,309
3321cc93,29.5292,-98.472,0,0,1701981280,174
3321ccba,29.5405,-98.4846,0,1,1701981204,312
3321c094,29.525,-98.472,0,0,1701981280,329
3321c531,29.534,-98.4762,0,15,1701981284,309
3321cc93,29.5292,-98.472,0,0,1701981280,174
3321ccba,29.5405,-98.4846,0,1,1701981204,312
3321c094,29.525,-98.472,0,0,1701981280,329
3321c531,29.5342,-98.4764,0,15,1701981289,312
3321cc93,29.5292,-98.472,0,0,1701981285,174
3321ccba,29.5405,-98.4846,0,1,1701981204,312
3321c094,29.525,-98.472,0,0,1701981280,329
3321c531,29.5342,-98.4764,0,15,1701981289,312
3321cc93,29.5292,-98.472,0,0,1701981285,174
3321ccba,29.5405,-98.4846,0,1,1701981204,312
3321c094,29.525,-98.472,0,0,1701981280,329
3321c531,29.5342,-98.4764,0,15,1701981289,312
3321cc93,29.5292,-98.472,0,0,1701981285,174
3321ccba,29.5405,-98.4846,0,1,1701981204,312
3321c094,29.525,-98.472,0,0,1701981290,329
3321c531,29.5344,-98.4767,0,15,1701981293,312
3321cc93,29.5292,-98.472,0,0,1701981290,174
3321c094,29.525,-98.472,0,0,1701981290,329
3321c531,29.5344,-98.4767,0,15,1701981293,312
3321cc93,29.5292,-98.472,0,0,1701981290,174
3321c094,29.525,-98.472,0,0,1701981290,329
3321c531,29.5344,-98.4767,0,15,1701981293,312
3321cc93,29.5292,-98.472,0,0,1701981290,174
3321c094,29.525,-98.472,0,0,1701981290,329
3321c531,29.5346,-98.4769,0,15,1701981297,312
3321cc93,29.5292,-98.472,0,0,1701981290,174
3321c094,29.525,-98.472,0,0,1701981290,329
3321c531,29.5346,-98.4769,0,15,1701981297,312
3321cc93,29.5292,-98.472,0,0,1701981290,174
3321c094,29.525,-98.472,0,0,1701981290,329
3321c531,29.5346,-98.4769,0,15,1701981297,312
3321cc93,29.5292,-98.472,0,0,1701981290,174
3321c094,29.525,-98.472,0,0,1701981290,329
3321c531,29.5348,-98.4771,0,15,1701981301,312
3321cc93,29.5292,-98.472,0,0,1701981300,174
3321c094,29.525,-98.472,0,0,1701981290,329
3321c531,29.5348,-98.4771,0,15,1701981301,312
3321cc93,29.5292,-98.472,0,0,1701981300,174
3321c094,29.525,-98.472,0,0,1701981290,329
3321c531,29.5348,-98.4771,0,15,1701981301,312
3321cc93,29.5292,-98.472,0,0,1701981300,174
3321c094,29.525,-98.472,0,0,1701981290,329
3321c531,29.5348,-98.4771,0,15,1701981301,312
3321cc93,29.5292,-98.472,0,0,1701981300,174
3321c094,29.525,-98.472,0,0,1701981290,329
3321c531,29.5349,-98.4773,0,15,1701981304,309
3321cc93,29.5292,-98.472,0,0,1701981305,174
3321c094,29.525,-98.472,0,0,1701981290,329
3321c531,29.5349,-98.4773,0,15,1701981304,309
3321cc93,29.5292,-98.472,0,0,1701981305,174
3321c094,29.525,-98.472,0,0,1701981290,329
3321c531,29.5349,-98.4773,0,15,1701981304,309
3321cc93,29.5292,-98.472,0,0,1701981305,174
3321c094,29.525,-98.472,0,0,1701981306,329
3321c531,29.5351,-98.4776,0,15,1701981309,309
3321cc93,29.5292,-98.472,0,0,1701981305,174
3321c094,29.525,-98.472,0,0,1701981306,329
3321c531,29.5351,-98.4776,0,15,1701981309,309
3321cc93,29.5292,-98.472,0,0,1701981305,174
3321c094,29.525,-98.472,0,0,1701981306,329
3321c531,29.5351,-98.4776,0,15,1701981309,309
3321cc93,29.5292,-98.472,0,0,1701981305,174
3321c094,29.525,-98.472,0,0,1701981306,329
3321c531,29.5353,-98.4778,0,14,1701981312,312
3321cc93,29.5292,-98.472,0,0,1701981310,174
3321c094,29.525,-98.472,0,0,1701981306,329
3321c531,29.5353,-98.4778,0,14,1701981312,312
3321cc93,29.5292,-98.472,0,0,1701981310,174
3321c094,29.525,-98.472,0,0,1701981306,329
3321c531,29.5353,-98.4778,0,14,1701981312,312
3321cc93,29.5292,-98.472,0,0,1701981310,174
3321c094,29.525,-98.472,0,0,1701981306,329
3321c531,29.5353,-98.4778,0,14,1701981312,312
3321cc93,29.5292,-98.472,0,0,1701981315,174
3321c094,29.525,-98.472,0,0,1701981306,329
3321c531,29.5353,-98.4778,0,14,1701981312,312
3321cc93,29.5292,-98.472,0,0,1701981315,174
3321c094,29.525,-98.472,0,0,1701981306,329
3321c531,29.5353,-98.4778,0,14,1701981312,312
3321cc93,29.5292,-98.472,0,0,1701981315,174
3321c094,29.525,-98.472,0,0,1701981306,329
3321c531,29.5356,-98.4782,0,14,1701981319,312
3321cc93,29.5292,-98.472,0,0,1701981320,174
3321c094,29.525,-98.472,0,0,1701981306,329
3321c531,29.5356,-98.4782,0,14,1701981319,312
3321cc93,29.5292,-98.472,0,0,1701981320,174
3321c094,29.525,-98.472,0,0,1701981306,329
3321c531,29.5356,-98.4782,0,14,1701981319,312
3321cc93,29.5292,-98.472,0,0,1701981320,174
3321c094,29.525,-98.472,0,0,1701981306,329
3321c531,29.5358,-98.4785,0,13,1701981324,312
3321cc93,29.5292,-98.472,0,0,1701981320,174
3321c094,29.525,-98.472,0,0,1701981306,329
3321c531,29.5358,-98.4785,0,13,1701981324,312
3321cc93,29.5292,-98.472,0,0,1701981320,174
3321c094,29.525,-98.472,0,0,1701981306,329
3321c531,29.5358,-98.4785,0,13,1701981324,312
3321cc93,29.5292,-98.472,0,0,1701981320,174
3321c094,29.525,-98.472,0,0,1701981306,329
3321c531,29.5358,-98.4785,0,13,1701981325,312
3321cc93,29.5292,-98.472,0,0,1701981324,174
3321c094,29.525,-98.472,0,0,1701981306,329
3321c531,29.5358,-98.4785,0,13,1701981325,312
3321cc93,29.5292,-98.472,0,0,1701981324,174
3321c094,29.525,-98.472,0,0,1701981306,329
3321c531,29.5358,-98.4785,0,13,1701981325,312
3321cc93,29.5292,-98.472,0,0,1701981324,174
3321c094,29.525,-98.472,0,0,1701981306,329
3321c531,29.5358,-98.4785,0,13,1701981325,312
3321cc93,29.5292,-98.472,0,0,1701981324,174
3321c094,29.525,-98.472,0,0,1701981306,329
3321c531,29.5361,-98.4789,0,13,1701981332,312
3321cc93,29.5292,-98.472,0,0,1701981329,174
3321c094,29.525,-98.472,0,0,1701981306,329
3321c531,29.5361,-98.4789,0,13,1701981332,312
3321cc93,29.5292,-98.472,0,0,1701981329,174
3321c094,29.525,-98.472,0,0,1701981306,329
3321c531,29.5361,-98.4789,0,13,1701981332,312
3321cc93,29.5292,-98.472,0,0,1701981329,174
3321c094,29.525,-98.472,0,0,1701981306,329
3321c531,29.5363,-98.4791,0,13,1701981336,312
3321cc93,29.5292,-98.472,0,0,1701981334,174
3321c094,29.525,-98.472,0,0,1701981306,329
3321c531,29.5363,-98.4791,0,13,1701981336,312
3321cc93,29.5292,-98.472,0,0,1701981334,174
3321c094,29.525,-98.472,0,0,1701981306,329
3321c531,29.5363,-98.4791,0,13,1701981336,312
3321cc93,29.5292,-98.472,0,0,1701981334,174
3321c094,29.525,-98.472,0,0,1701981306,329
3321c531,29.5364,-98.4792,0,12,1701981339,312
3321cc93,29.5292,-98.472,0,0,1701981339,174
3321c094,29.525,-98.472,0,0,1701981306,329
3321c531,29.5364,-98.4792,0,12,1701981339,312
3321cc93,29.5292,-98.472,0,0,1701981339,174
3321c094,29.525,-98.472,0,0,1701981306,329
3321c531,29.5364,-98.4792,0,12,1701981339,312
3321cc93,29.5292,-98.472,0,0,1701981339,174
3321c094,29.525,-98.472,0,0,1701981306,329
3321c531,29.5364,-98.4792,0,12,1701981339,312
3321cc93,29.5292,-98.472,0,0,1701981344,174
3321c094,29.525,-98.472,0,0,1701981306,329
3321c531,29.5364,-98.4792,0,12,1701981339,312
3321cc93,29.5292,-98.472,0,0,1701981344,174
3321c094,29.525,-98.472,0,0,1701981306,329
3321c531,29.5364,-98.4792,0,12,1701981339,312
3321cc93,29.5292,-98.472,0,0,1701981344,174
3321c094,29.525,-98.472,0,0,1701981306,329
3321c531,29.5364,-98.4792,0,12,1701981339,312
3321cc93,29.5292,-98.472,0,0,1701981344,174
3321c094,29.525,-98.472,0,0,1701981306,329
3321c531,29.5364,-98.4792,0,12,1701981339,312
3321cc93,29.5292,-98.472,0,0,1701981344,174
3321c094,29.525,-98.472,0,0,1701981306,329
3321c531,29.5364,-98.4792,0,12,1701981339,312
3321cc93,29.5292,-98.472,0,0,1701981344,174
3321c094,29.525,-98.472,0,0,1701981306,329
3321c531,29.5364,-98.4792,0,12,1701981339,312
3321cc93,29.5292,-98.472,0,0,1701981344,174
3321c094,29.525,-98.472,0,0,1701981306,329
3321c531,29.5364,-98.4792,0,12,1701981339,312
3321cc93,29.5292,-98.472,0,0,1701981349,174
3321c094,29.525,-98.472,0,0,1701981306,329
3321c531,29.5364,-98.4792,0,12,1701981339,312
3321cc93,29.5292,-98.472,0,0,1701981349,174
3321c094,29.525,-98.472,0,0,1701981306,329
3321c531,29.5364,-98.4792,0,12,1701981339,312
3321cc93,29.5292,-98.472,0,0,1701981349,174
3321c094,29.525,-98.472,0,0,1701981351,329
3321c531,29.5364,-98.4792,0,12,1701981339,312
3321cc93,29.5292,-98.472,0,0,1701981354,174
3321c094,29.525,-98.472,0,0,1701981351,329
3321c531,29.5364,-98.4792,0,12,1701981339,312
3321cc93,29.5292,-98.472,0,0,1701981354,174
3321c094,29.525,-98.472,0,0,1701981351,329
3321c531,29.5364,-98.4792,0,12,1701981339,312
3321cc93,29.5292,-98.472,0,0,1701981354,174
3321c094,29.525,-98.472,0,0,1701981351,329
3321c531,29.5364,-98.4792,0,12,1701981339,312
3321cc93,29.5292,-98.472,0,0,1701981359,174
3321ccba,29.5406,-98.4847,0,0,1701981355,312
3321c094,29.525,-98.472,0,0,1701981351,329
3321c531,29.5364,-98.4792,0,12,1701981339,312
3321cc93,29.5292,-98.472,0,0,1701981359,174
3321ccba,29.5406,-98.4847,0,0,1701981355,312
3321c094,29.525,-98.472,0,0,1701981351,329
3321c531,29.5364,-98.4792,0,12,1701981339,312
3321cc93,29.5292,-98.472,0,0,1701981359,174
3321ccba,29.5406,-98.4847,0,0,1701981355,312
3321c094,29.525,-98.472,0,0,1701981351,329
3321c531,29.5364,-98.4792,0,12,1701981339,312
3321cc93,29.5292,-98.472,0,0,1701981364,174
3321ccba,29.5406,-98.4847,0,10,1701981364,312
3321c094,29.525,-98.472,0,0,1701981351,329
3321c531,29.5364,-98.4792,0,12,1701981339,312
3321cc93,29.5292,-98.472,0,0,1701981364,174
3321ccba,29.5406,-98.4847,0,10,1701981364,312
3321c094,29.525,-98.472,0,0,1701981351,329
3321c531,29.5364,-98.4792,0,12,1701981339,312
3321cc93,29.5292,-98.472,0,0,1701981364,174
3321ccba,29.5406,-98.4847,0,10,1701981364,312
3321c094,29.525,-98.472,0,0,1701981351,329
3321c531,29.5374,-98.4806,0,0,1701981369,312
3321cc93,29.5292,-98.472,0,0,1701981369,174
3321ccba,29.5407,-98.4848,0,11,1701981368,312
3321c094,29.525,-98.472,0,0,1701981351,329
3321c531,29.5374,-98.4806,0,0,1701981369,312
3321cc93,29.5292,-98.472,0,0,1701981369,174
3321ccba,29.5407,-98.4848,0,11,1701981368,312
3321c094,29.525,-98.472,0,0,1701981351,329
3321c531,29.5374,-98.4806,0,0,1701981369,312
3321cc93,29.5292,-98.472,0,0,1701981369,174
3321ccba,29.5407,-98.4848,0,11,1701981368,312
3321c094,29.525,-98.472,0,0,1701981351,329
3321c531,29.5374,-98.4806,0,0,1701981369,312
3321cc93,29.5292,-98.472,0,0,1701981369,174
3321ccba,29.5407,-98.4848,0,11,1701981368,312
3321c094,29.525,-98.472,0,0,1701981351,329
3321c531,29.5374,-98.4806,0,0,1701981369,312
3321cc93,29.5292,-98.472,0,0,1701981369,174
3321ccba,29.5407,-98.4848,0,11,1701981368,312
3321c094,29.525,-98.472,0,0,1701981351,329
3321c531,29.5374,-98.4806,0,0,1701981369,312
3321cc93,29.5292,-98.472,0,0,1701981369,174
3321ccba,29.5407,-98.4848,0,11,1701981368,312
3321c094,29.525,-98.472,0,0,1701981351,329
3321c531,29.5374,-98.4806,0,0,1701981369,312
3321cc93,29.5292,-98.472,0,0,1701981369,174
3321ccba,29.5407,-98.4848,0,11,1701981368,312
3321c094,29.525,-98.472,0,0,1701981351,329
3321c531,29.5374,-98.4806,0,0,1701981369,312
3321cc93,29.5292,-98.472,0,0,1701981374,174
3321ccba,29.5407,-98.4849,0,12,1701981374,312
3321c094,29.525,-98.472,0,0,1701981351,329
3321c531,29.5374,-98.4806,0,0,1701981369,312
3321cc93,29.5292,-98.472,0,0,1701981374,174
3321ccba,29.5407,-98.4849,0,12,1701981374,312
3321c094,29.525,-98.472,0,0,1701981351,329
3321c531,29.5374,-98.4806,0,0,1701981369,312
3321cc93,29.5292,-98.472,0,0,1701981374,174
3321ccba,29.5407,-98.4849,0,12,1701981374,312
3321c094,29.525,-98.472,0,0,1701981351,329
3321c531,29.5378,-98.481,0,13,1701981378,312
3321cc93,29.5292,-98.472,0,0,1701981379,174
3321ccba,29.5408,-98.4849,0,13,1701981379,312
3321c094,29.525,-98.472,0,0,1701981351,329
3321c531,29.5378,-98.481,0,13,1701981378,312
3321cc93,29.5292,-98.472,0,0,1701981379,174
3321ccba,29.5408,-98.4849,0,13,1701981379,312
3321c094,29.525,-98.472,0,0,1701981351,329
3321c531,29.5378,-98.481,0,13,1701981378,312
3321cc93,29.5292,-98.472,0,0,1701981379,174
3321ccba,29.5408,-98.4849,0,13,1701981379,312
3321c094,29.525,-98.472,0,0,1701981351,329
3321c531,29.5378,-98.481,0,13,1701981378,312
3321cc93,29.5292,-98.472,0,0,1701981384,174
3321ccba,29.5409,-98.485,0,14,1701981384,312
3321c094,29.525,-98.472,0,0,1701981351,329
3321c531,29.5378,-98.481,0,13,1701981378,312
3321cc93,29.5292,-98.472,0,0,1701981384,174
3321ccba,29.5409,-98.485,0,14,1701981384,312
3321c094,29.525,-98.472,0,0,1701981351,329
3321c531,29.5378,-98.481,0,13,1701981378,312
3321cc93,29.5292,-98.472,0,0,1701981384,174
3321ccba,29.5409,-98.485,0,14,1701981384,312
3321c094,29.525,-98.472,0,0,1701981351,329
3321c531,29.5381,-98.4815,0,14,1701981386,312
3321cc93,29.5292,-98.472,0,0,1701981384,174
3321ccba,29.5409,-98.4851,0,5,1701981388,312
3321c094,29.525,-98.472,0,0,1701981351,329
3321c531,29.5381,-98.4815,0,14,1701981386,312
3321cc93,29.5292,-98.472,0,0,1701981384,174
3321ccba,29.5409,-98.4851,0,5,1701981388,312
3321c094,29.525,-98.472,0,0,1701981351,329
3321c531,29.5381,-98.4815,0,14,1701981386,312
3321cc93,29.5292,-98.472,0,0,1701981384,174
3321ccba,29.5409,-98.4851,0,5,1701981388,312
3321c094,29.525,-98.472,0,0,1701981351,329
3321c531,29.5382,-98.4816,0,15,1701981389,312
3321cc93,29.5292,-98.472,0,0,1701981389,174
3321ccba,29.541,-98.4852,0,5,1701981391,312
3321c094,29.525,-98.472,0,0,1701981351,329
3321c531,29.5382,-98.4816,0,15,1701981389,312
3321cc93,29.5292,-98.472,0,0,1701981389,174
3321ccba,29.541,-98.4852,0,5,1701981391,312
3321c094,29.525,-98.472,0,0,1701981351,329
3321c531,29.5382,-98.4816,0,15,1701981389,312
3321cc93,29.5292,-98.472,0,0,1701981389,174
3321ccba,29.541,-98.4852,0,5,1701981391,312
3321c094,29.525,-98.472,0,0,1701981351,329
3321c531,29.5382,-98.4816,0,15,1701981389,312
3321cc93,29.5292,-98.472,0,0,1701981389,174
3321ccba,29.541,-98.4852,0,5,1701981391,312
3321c094,29.525,-98.472,0,0,1701981351,329
3321c531,29.5386,-98.482,0,15,1701981396,312
3321cc93,29.5292,-98.472,0,0,1701981394,174
3321ccba,29.5411,-98.4853,0,6,1701981397,312
3321c094,29.525,-98.472,0,0,1701981351,329
3321c531,29.5386,-98.482,0,15,1701981396,312
3321cc93,29.5292,-98.472,0,0,1701981394,174
3321ccba,29.5411,-98.4853,0,6,1701981397,312
3321c094,29.525,-98.472,0,0,1701981351,329
3321c531,29.5386,-98.482,0,15,1701981396,312
3321cc93,29.5292,-98.472,0,0,1701981394,174
3321ccba,29.5411,-98.4853,0,6,1701981397,312
3321c094,29.525,-98.472,0,0,1701981351,329
3321c531,29.5386,-98.482,0,15,1701981396,312
3321cc93,29.5292,-98.472,0,0,1701981394,174
3321ccba,29.5411,-98.4853,0,6,1701981397,312
3321c094,29.525,-98.472,0,0,1701981351,329
3321c531,29.5386,-98.482,0,15,1701981396,312
3321cc93,29.5292,-98.472,0,0,1701981394,174
3321ccba,29.5411,-98.4853,0,6,1701981397,312
3321c094,29.525,-98.472,0,0,1701981351,329
3321c531,29.5386,-98.482,0,15,1701981396,312
3321cc93,29.5292,-98.472,0,0,1701981394,174
3321ccba,29.5411,-98.4853,0,6,1701981397,312
3321c094,29.525,-98.472,0,0,1701981351,329
3321c531,29.5386,-98.482,0,15,1701981396,312
3321cc93,29.5292,-98.472,0,0,1701981394,174
3321ccba,29.5412,-98.4854,0,2,1701981404,312
3321c094,29.525,-98.472,0,0,1701981351,329
3321c531,29.5386,-98.482,0,15,1701981396,312
3321cc93,29.5292,-98.472,0,0,1701981394,174
3321ccba,29.5412,-98.4854,0,2,1701981404,312
3321c094,29.525,-98.472,0,0,1701981351,329
3321c531,29.5386,-98.482,0,15,1701981396,312
3321cc93,29.5292,-98.472,0,0,1701981394,174
3321ccba,29.5412,-98.4854,0,2,1701981404,312
3321c094,29.525,-98.472,0,0,1701981351,329
3321c531,29.5386,-98.482,0,15,1701981396,312
3321cc93,29.5292,-98.472,0,0,1701981409,174
3321ccba,29.5412,-98.4854,0,0,1701981408,312
3321c094,29.525,-98.472,0,0,1701981351,329
3321c531,29.5386,-98.482,0,15,1701981396,312
3321cc93,29.5292,-98.472,0,0,1701981409,174
3321ccba,29.5412,-98.4854,0,0,1701981408,312
3321c094,29.525,-98.472,0,0,1701981351,329
3321c531,29.5386,-98.482,0,15,1701981396,312
3321cc93,29.5292,-98.472,0,0,1701981409,174
3321ccba,29.5412,-98.4854,0,0,1701981408,312
3321c094,29.525,-98.472,0,0,1701981351,329
3321c531,29.5386,-98.482,0,15,1701981396,312
3321cc93,29.5292,-98.472,0,0,1701981409,174
3321ccba,29.5412,-98.4854,0,1,1701981411,312
3321c094,29.525,-98.472,0,0,1701981351,329
3321c531,29.5386,-98.482,0,15,1701981396,312
3321cc93,29.5292,-98.472,0,0,1701981409,174
3321ccba,29.5412,-98.4854,0,1,1701981411,312
3321c094,29.525,-98.472,0,0,1701981351,329
3321c531,29.5386,-98.482,0,15,1701981396,312
3321cc93,29.5292,-98.472,0,0,1701981409,174
3321ccba,29.5412,-98.4854,0,1,1701981411,312
3321c094,29.525,-98.472,0,0,1701981351,329
3321c531,29.5395,-98.4833,0,0,1701981416,312
3321cc93,29.5292,-98.472,0,0,1701981414,174
3321ccba,29.5412,-98.4854,0,1,1701981416,312
3321c094,29.525,-98.472,0,0,1701981351,329
3321c531,29.5395,-98.4833,0,0,1701981416,312
3321cc93,29.5292,-98.472,0,0,1701981414,174
3321ccba,29.5412,-98.4854,0,1,1701981416,312
3321c094,29.525,-98.472,0,0,1701981351,329
3321c531,29.5395,-98.4833,0,0,1701981416,312
3321cc93,29.5292,-98.472,0,0,1701981414,174
3321ccba,29.5412,-98.4854,0,1,1701981416,312
3321c094,29.525,-98.472,0,0,1701981351,329
3321c531,29.5395,-98.4833,0,0,1701981416,312
3321cc93,29.5292,-98.472,0,0,1701981414,174
3321ccba,29.5412,-98.4854,0,1,1701981416,312
3321c094,29.525,-98.472,0,0,1701981351,329
3321c531,29.5395,-98.4833,0,0,1701981416,312
3321cc93,29.5292,-98.472,0,0,1701981419,174
3321ccba,29.5412,-98.4854,0,1,1701981420,312
3321c094,29.525,-98.472,0,0,1701981351,329
3321c531,29.5395,-98.4833,0,0,1701981416,312
3321cc93,29.5292,-98.472,0,0,1701981419,174
3321ccba,29.5412,-98.4854,0,1,1701981420,312
3321c094,29.525,-98.472,0,0,1701981351,329
3321c531,29.5395,-98.4833,0,0,1701981416,312
3321cc93,29.5292,-98.472,0,0,1701981419,174
3321ccba,29.5412,-98.4854,0,1,1701981420,312
3321c094,29.525,-98.472,0,0,1701981351,329
3321c531,29.5395,-98.4833,0,0,1701981416,312
3321cc93,29.5292,-98.472,0,0,1701981424,174
3321ccba,29.5412,-98.4854,0,1,1701981424,312
3321c094,29.525,-98.472,0,0,1701981351,329
3321c531,29.5395,-98.4833,0,0,1701981416,312
3321cc93,29.5292,-98.472,0,0,1701981424,174
3321ccba,29.5412,-98.4854,0,1,1701981424,312
3321c094,29.525,-98.472,0,0,1701981351,329
3321c531,29.5395,-98.4833,0,0,1701981416,312
3321cc93,29.5292,-98.472,0,0,1701981424,174
3321ccba,29.5412,-98.4854,0,1,1701981424,312
3321c094,29.525,-98.472,0,0,1701981351,329
3321c531,29.5395,-98.4833,0,0,1701981416,312
3321cc93,29.5292,-98.472,0,0,1701981429,174
3321ccba,29.5412,-98.4854,0,1,1701981429,312
3321c094,29.525,-98.472,0,0,1701981351,329
3321c531,29.5395,-98.4833,0,0,1701981416,312
3321cc93,29.5292,-98.472,0,0,1701981429,174
3321ccba,29.5412,-98.4854,0,1,1701981429,312
3321c094,29.525,-98.472,0,0,1701981351,329
3321c531,29.5395,-98.4833,0,0,1701981416,312
3321cc93,29.5292,-98.472,0,0,1701981429,174
3321ccba,29.5412,-98.4854,0,1,1701981429,312
3321c094,29.525,-98.472,0,0,1701981351,329
3321c531,29.5395,-98.4833,0,0,1701981416,312
3321cc93,29.5292,-98.472,0,0,1701981429,174
3321ccba,29.5412,-98.4854,0,1,1701981430,312
3321c094,29.525,-98.472,0,0,1701981351,329
3321c531,29.5395,-98.4833,0,0,1701981416,312
3321cc93,29.5292,-98.472,0,0,1701981429,174
3321ccba,29.5412,-98.4854,0,1,1701981430,312
3321c094,29.525,-98.472,0,0,1701981351,329
3321c531,29.5395,-98.4833,0,0,1701981416,312
3321cc93,29.5292,-98.472,0,0,1701981429,174
3321ccba,29.5412,-98.4854,0,1,1701981430,312
3321c094,29.525,-98.472,0,0,1701981351,329
3321c531,29.5395,-98.4833,0,0,1701981416,312
3321cc93,29.5292,-98.472,0,0,1701981434,174
3321ccba,29.5412,-98.4854,0,1,1701981430,312
3321c094,29.525,-98.472,0,0,1701981351,329
3321c531,29.5395,-98.4833,0,0,1701981416,312
3321cc93,29.5292,-98.472,0,0,1701981434,174
3321ccba,29.5412,-98.4854,0,1,1701981430,312
3321c094,29.525,-98.472,0,0,1701981351,329
3321c531,29.5395,-98.4833,0,0,1701981416,312
3321cc93,29.5292,-98.472,0,0,1701981434,174
3321ccba,29.5412,-98.4854,0,1,1701981430,312
3321c531,29.5395,-98.4833,0,0,1701981416,312
3321cc93,29.5292,-98.472,0,0,1701981434,174
3321ccba,29.5412,-98.4854,0,1,1701981430,312
3321c531,29.5402,-98.4842,0,0,1701981438,312
3321cc93,29.5292,-98.472,0,0,1701981439,174
3321ccba,29.5412,-98.4854,0,0,1701981441,312
3321c531,29.5402,-98.4842,0,0,1701981438,312
3321cc93,29.5292,-98.472,0,0,1701981439,174
3321ccba,29.5412,-98.4854,0,0,1701981441,312
3321c531,29.5402,-98.4842,0,0,1701981438,312
3321cc93,29.5292,-98.472,0,0,1701981439,174
3321ccba,29.5412,-98.4854,0,0,1701981441,312
3321c531,29.5402,-98.4842,0,0,1701981438,312
3321cc93,29.5292,-98.472,0,0,1701981444,174
3321ccba,29.5412,-98.4854,0,0,1701981441,312
3321c531,29.5402,-98.4842,0,0,1701981438,312
3321cc93,29.5292,-98.472,0,0,1701981444,174
3321ccba,29.5412,-98.4854,0,0,1701981441,312
3321c531,29.5402,-98.4842,0,0,1701981438,312
3321cc93,29.5292,-98.472,0,0,1701981444,174
3321ccba,29.5412,-98.4854,0,0,1701981441,312
3321c531,29.5402,-98.4842,0,0,1701981438,312
3321cc93,29.5292,-98.472,0,0,1701981444,174
3321ccba,29.5412,-98.4854,0,0,1701981441,312
3321c531,29.5402,-98.4842,0,0,1701981438,312
3321cc93,29.5292,-98.472,0,0,1701981444,174
3321ccba,29.5412,-98.4854,0,0,1701981441,312
3321c531,29.5402,-98.4842,0,0,1701981438,312
3321cc93,29.5292,-98.472,0,0,1701981444,174
3321ccba,29.5412,-98.4854,0,0,1701981441,312
3321c531,29.5402,-98.4842,0,0,1701981438,312
3321cc93,29.5292,-98.472,0,0,1701981449,174
3321ccba,29.5412,-98.4854,0,0,1701981441,312
3321c531,29.5402,-98.4842,0,0,1701981438,312
3321cc93,29.5292,-98.472,0,0,1701981449,174
3321ccba,29.5412,-98.4854,0,0,1701981441,312
3321c531,29.5402,-98.4842,0,0,1701981438,312
3321cc93,29.5292,-98.472,0,0,1701981449,174
3321ccba,29.5412,-98.4854,0,0,1701981441,312
3321c531,29.5402,-98.4842,0,0,1701981438,312
3321cc93,29.5292,-98.472,0,0,1701981454,174
3321ccba,29.5412,-98.4854,0,0,1701981441,312
3321c531,29.5402,-98.4842,0,0,1701981438,312
3321cc93,29.5292,-98.472,0,0,1701981454,174
3321ccba,29.5412,-98.4854,0,0,1701981441,312
3321c531,29.5402,-98.4842,0,0,1701981438,312
3321cc93,29.5292,-98.472,0,0,1701981454,174
3321ccba,29.5412,-98.4854,0,0,1701981441,312
3321c531,29.5402,-98.4842,0,0,1701981438,312
3321cc93,29.5292,-98.472,0,0,1701981459,174
3321ccba,29.5412,-98.4854,0,0,1701981461,312
3321c531,29.5402,-98.4842,0,0,1701981438,312
3321cc93,29.5292,-98.472,0,0,1701981459,174
3321ccba,29.5412,-98.4854,0,0,1701981461,312
3321c531,29.5402,-98.4842,0,0,1701981438,312
3321cc93,29.5292,-98.472,0,0,1701981459,174
3321ccba,29.5412,-98.4854,0,0,1701981461,312
3321c531,29.5402,-98.4842,0,0,1701981438,312
3321cc93,29.5292,-98.472,0,0,1701981459,174
3321ccba,29.5412,-98.4854,0,0,1701981461,312
3321c094,29.525,-98.472,0,0,1701981461,329
3321c531,29.5402,-98.4842,0,0,1701981438,312
3321cc93,29.5292,-98.472,0,0,1701981459,174
3321ccba,29.5412,-98.4854,0,0,1701981461,312
3321c094,29.525,-98.472,0,0,1701981461,329
3321c531,29.5402,-98.4842,0,0,1701981438,312
3321cc93,29.5292,-98.472,0,0,1701981459,174
3321ccba,29.5412,-98.4854,0,0,1701981461,312
3321c094,29.525,-98.472,0,0,1701981461,329
3321c531,29.5402,-98.4842,0,0,1701981438,312
3321cc93,29.5292,-98.472,0,0,1701981459,174
3321ccba,29.5412,-98.4854,0,0,1701981461,312
3321c094,29.525,-98.472,0,0,1701981461,329
3321c531,29.5402,-98.4842,0,0,1701981438,312
3321cc93,29.5292,-98.472,0,0,1701981459,174
3321ccba,29.5412,-98.4854,0,0,1701981461,312
3321c094,29.525,-98.472,0,0,1701981461,329
3321c531,29.5402,-98.4842,0,0,1701981438,312
3321cc93,29.5292,-98.472,0,0,1701981459,174
3321ccba,29.5412,-98.4854,0,0,1701981461,312
3321c094,29.525,-98.472,0,0,1701981461,329
3321c531,29.5402,-98.4842,0,0,1701981438,312
3321cc93,29.5292,-98.472,0,0,1701981459,174
3321ccba,29.5412,-98.4854,0,0,1701981461,312
3321c094,29.525,-98.472,0,0,1701981461,329
3321c531,29.5402,-98.4842,0,0,1701981438,312
3321cc93,29.5292,-98.472,0,0,1701981469,174
3321ccba,29.5412,-98.4854,0,0,1701981461,312
3321c094,29.525,-98.472,0,0,1701981461,329
3321c531,29.5402,-98.4842,0,0,1701981438,312
3321cc93,29.5292,-98.472,0,0,1701981469,174
3321ccba,29.5412,-98.4854,0,0,1701981461,312
3321c094,29.525,-98.472,0,0,1701981461,329
3321c531,29.5402,-98.4842,0,0,1701981438,312
3321cc93,29.5292,-98.472,0,0,1701981469,174
3321ccba,29.5412,-98.4854,0,0,1701981461,312
3321c094,29.525,-98.472,0,0,1701981461,329
3321c531,29.5402,-98.4842,0,0,1701981438,312
3321cc93,29.5292,-98.472,0,0,1701981474,174
3321ccba,29.5412,-98.4854,0,0,1701981461,312
3321c094,29.525,-98.472,0,0,1701981461,329
3321c531,29.5402,-98.4842,0,0,1701981438,312
3321cc93,29.5292,-98.472,0,0,1701981474,174
3321ccba,29.5412,-98.4854,0,0,1701981461,312
3321c094,29.525,-98.472,0,0,1701981461,329
3321c531,29.5402,-98.4842,0,0,1701981438,312
3321cc93,29.5292,-98.472,0,0,1701981474,174
3321ccba,29.5412,-98.4854,0,0,1701981461,312
3321c094,29.525,-98.472,0,0,1701981475,329
3321c531,29.5402,-98.4842,0,0,1701981438,312
3321cc93,29.5292,-98.472,0,0,1701981479,174
3321ccba,29.5412,-98.4854,0,0,1701981461,312
3321c094,29.525,-98.472,0,0,1701981475,329
3321c531,29.5402,-98.4842,0,0,1701981438,312
3321cc93,29.5292,-98.472,0,0,1701981479,174
3321ccba,29.5412,-98.4854,0,0,1701981461,312
3321c094,29.525,-98.472,0,0,1701981475,329
3321c531,29.5402,-98.4842,0,0,1701981438,312
3321cc93,29.5292,-98.472,0,0,1701981479,174
3321ccba,29.5412,-98.4854,0,0,1701981461,312
332195e8,29.5422,-98.4859,0,8,1701981483,28
3321c094,29.525,-98.472,0,0,1701981475,329
3321c531,29.5402,-98.4842,0,0,1701981438,312
3321cc93,29.5292,-98.472,0,0,1701981484,174
3321ccba,29.5412,-98.4854,0,0,1701981461,312
332195e8,29.5422,-98.4859,0,8,1701981483,28
3321c094,29.525,-98.472,0,0,1701981475,329
3321c531,29.5402,-98.4842,0,0,1701981438,312
3321cc93,29.5292,-98.472,0,0,1701981484,174
3321ccba,29.5412,-98.4854,0,0,1701981461,312
332195e8,29.5422,-98.4859,0,8,1701981483,28
3321c094,29.525,-98.472,0,0,1701981475,329
3321c531,29.5402,-98.4842,0,0,1701981438,312
3321cc93,29.5292,-98.472,0,0,1701981484,174
3321ccba,29.5412,-98.4854,0,0,1701981461,312
332195e8,29.5422,-98.4859,0,8,1701981483,28
3321c094,29.525,-98.472,0,0,1701981475,329
3321c531,29.5402,-98.4842,0,0,1701981438,312
3321cc93,29.5292,-98.472,0,0,1701981484,174
3321ccba,29.5412,-98.4854,0,0,1701981461,312
332195e8,29.5422,-98.4859,0,8,1701981483,28
3321c094,29.525,-98.472,0,0,1701981475,329
3321c531,29.5402,-98.4842,0,0,1701981438,312
3321cc93,29.5292,-98.472,0,0,1701981489,174
3321ccba,29.5412,-98.4854,0,0,1701981461,312
332195e8,29.5422,-98.4859,0,8,1701981483,28
3321c094,29.525,-98.472,0,0,1701981475,329
3321c531,29.5402,-98.4842,0,0,1701981438,312
3321cc93,29.5292,-98.472,0,0,1701981489,174
3321ccba,29.5412,-98.4854,0,0,1701981461,312
332195e8,29.5422,-98.4859,0,8,1701981483,28
3321c094,29.525,-98.472,0,0,1701981475,329
3321c531,29.5402,-98.4842,0,0,1701981438,312
3321cc93,29.5292,-98.472,0,0,1701981489,174
3321ccba,29.5412,-98.4854,0,0,1701981461,312
332195e8,29.5422,-98.4859,0,8,1701981483,28
3321c094,29.525,-98.472,0,0,1701981475,329
3321c531,29.5402,-98.4842,0,0,1701981438,312
3321cc93,29.5292,-98.472,0,0,1701981489,174
3321ccba,29.5412,-98.4854,0,0,1701981461,312
332195e8,29.5422,-98.4859,0,8,1701981483,28
3321c094,29.525,-98.472,0,0,1701981475,329
3321c531,29.5402,-98.4842,0,0,1701981438,312
3321cc93,29.5292,-98.472,0,0,1701981489,174
3321ccba,29.5412,-98.4854,0,0,1701981461,312
332195e8,29.5422,-98.4859,0,8,1701981483,28
3321c094,29.525,-98.472,0,0,1701981475,329
3321c531,29.5402,-98.4842,0,0,1701981438,312
3321cc93,29.5292,-98.472,0,0,1701981489,174
3321ccba,29.5412,-98.4854,0,0,1701981461,312
332195e8,29.5422,-98.4859,0,8,1701981483,28
3321c094,29.525,-98.472,0,0,1701981475,329
3321c531,29.5402,-98.4842,0,0,1701981438,312
3321cc93,29.5292,-98.472,0,0,1701981494,174
3321ccba,29.5412,-98.4854,0,0,1701981461,312
332195e8,29.5422,-98.4859,0,8,1701981483,28
3321c094,29.525,-98.472,0,0,1701981475,329
3321c531,29.5402,-98.4842,0,0,1701981438,312
3321cc93,29.5292,-98.472,0,0,1701981494,174
3321ccba,29.5412,-98.4854,0,0,1701981461,312
332195e8,29.5422,-98.4859,0,8,1701981483,28
3321c094,29.525,-98.472,0,0,1701981475,329
3321c531,29.5402,-98.4842,0,0,1701981438,312
3321cc93,29.5292,-98.472,0,0,1701981494,174
3321ccba,29.5412,-98.4854,0,0,1701981461,312
332195e8,29.5422,-98.4859,0,8,1701981483,28
3321c094,29.525,-98.472,0,0,1701981475,329
3321c531,29.5402,-98.4842,0,0,1701981438,312
3321cc93,29.5292,-98.472,0,0,1701981499,174
3321ccba,29.5412,-98.4854,0,0,1701981461,312
332195e8,29.5422,-98.4859,0,8,1701981483,28
3321c094,29.525,-98.472,0,0,1701981475,329
3321c531,29.5402,-98.4842,0,0,1701981438,312
3321cc93,29.5292,-98.472,0,0,1701981499,174
3321ccba,29.5412,-98.4854,0,0,1701981461,312
332195e8,29.5422,-98.4859,0,8,1701981483,28
3321c094,29.525,-98.472,0,0,1701981475,329
3321c531,29.5402,-98.4842,0,0,1701981438,312
3321cc93,29.5292,-98.472,0,0,1701981499,174
3321ccba,29.5412,-98.4854,0,0,1701981461,312
332195e8,29.5422,-98.4859,0,8,1701981483,28
3321c094,29.525,-98.472,0,0,1701981475,329
3321c531,29.541,-98.4852,0,0,1701981504,312
3321cc93,29.5292,-98.472,0,0,1701981504,174
3321ccba,29.5416,-98.4859,0,7,1701981502,320
332195e8,29.5422,-98.4859,0,8,1701981483,28
3321c094,29.525,-98.472,0,0,1701981475,329
3321c531,29.541,-98.4852,0,0,1701981504,312
3321cc93,29.5292,-98.472,0,0,1701981504,174
3321ccba,29.5416,-98.4859,0,7,1701981502,320
332195e8,29.5422,-98.4859,0,8,1701981483,28
3321c094,29.525,-98.472,0,0,1701981475,329
3321c531,29.541,-98.4852,0,0,1701981504,312
3321cc93,29.5292,-98.472,0,0,1701981504,174
3321ccba,29.5416,-98.4859,0,7,1701981502,320
332195e8,29.5422,-98.4859,0,8,1701981483,28
3321c094,29.525,-98.472,0,0,1701981475,329
3321c531,29.541,-98.4852,0,0,1701981504,312
3321cc93,29.5292,-98.472,0,0,1701981504,174
3321ccba,29.5416,-98.4859,0,7,1701981502,320
332195e8,29.5422,-98.4859,0,8,1701981483,28
3321c094,29.525,-98.472,0,0,1701981475,329
3321c531,29.541,-98.4852,0,0,1701981504,312
3321cc93,29.5292,-98.472,0,0,1701981504,174
3321ccba,29.5418,-98.486,0,7,1701981509,343
332195e8,29.5422,-98.4859,0,8,1701981483,28
3321c094,29.525,-98.472,0,0,1701981475,329
3321c531,29.541,-98.4852,0,0,1701981504,312
3321cc93,29.5292,-98.472,0,0,1701981504,174
3321ccba,29.5418,-98.486,0,7,1701981509,343
332195e8,29.5422,-98.4859,0,8,1701981483,28
3321c094,29.525,-98.472,0,0,1701981475,329
3321c531,29.541,-98.4852,0,0,1701981504,312
3321cc93,29.5292,-98.472,0,0,1701981504,174
3321ccba,29.5418,-98.486,0,7,1701981509,343
332195e8,29.5422,-98.4859,0,8,1701981483,28
3321c094,29.525,-98.472,0,0,1701981475,329
3321c531,29.541,-98.4852,0,0,1701981504,312
3321cc93,29.5292,-98.472,0,0,1701981509,174
3321ccba,29.5419,-98.4861,0,5,1701981513,357
332195e8,29.5422,-98.4859,0,8,1701981483,28
3321c094,29.525,-98.472,0,0,1701981475,329
3321c531,29.541,-98.4852,0,0,1701981504,312
3321cc93,29.5292,-98.472,0,0,1701981509,174
3321ccba,29.5419,-98.4861,0,5,1701981513,357
332195e8,29.5422,-98.4859,0,8,1701981483,28
3321c094,29.525,-98.472,0,0,1701981475,329
3321c531,29.541,-98.4852,0,0,1701981504,312
3321cc93,29.5292,-98.472,0,0,1701981509,174
3321ccba,29.5419,-98.4861,0,5,1701981513,357
332195e8,29.5422,-98.4859,0,8,1701981483,28
3321c094,29.525,-98.472,0,0,1701981475,329
3321c531,29.541,-98.4852,0,0,1701981504,312
3321cc93,29.5292,-98.472,0,0,1701981509,174
3321ccba,29.5419,-98.4861,0,3,1701981516,5
332195e8,29.5422,-98.4859,0,8,1701981483,28
3321c094,29.525,-98.472,0,0,1701981475,329
3321c531,29.541,-98.4852,0,0,1701981504,312
3321cc93,29.5292,-98.472,0,0,1701981509,174
3321ccba,29.5419,-98.4861,0,3,1701981516,5
332195e8,29.5422,-98.4859,0,8,1701981483,28
3321c094,29.525,-98.472,0,0,1701981475,329
3321c531,29.541,-98.4852,0,0,1701981504,312
3321cc93,29.5292,-98.472,0,0,1701981509,174
3321ccba,29.5419,-98.4861,0,3,1701981516,5
332195e8,29.5422,-98.4859,0,8,1701981483,28
3321c094,29.525,-98.472,0,0,1701981475,329
3321c531,29.541,-98.4852,0,0,1701981504,312
3321cc93,29.5292,-98.472,0,0,1701981519,174
3321ccba,29.542,-98.4861,0,1,1701981520,8
332195e8,29.5422,-98.4859,0,8,1701981483,28
3321c094,29.525,-98.472,0,0,1701981475,329
3321c531,29.541,-98.4852,0,0,1701981504,312
3321cc93,29.5292,-98.472,0,0,1701981519,174
3321ccba,29.542,-98.4861,0,1,1701981520,8
332195e8,29.5422,-98.4859,0,8,1701981483,28
3321c094,29.525,-98.472,0,0,1701981475,329
3321c531,29.541,-98.4852,0,0,1701981504,312
3321cc93,29.5292,-98.472,0,0,1701981519,174
3321ccba,29.542,-98.4861,0,1,1701981520,8
332195e8,29.5422,-98.4859,0,8,1701981483,28
3321c094,29.525,-98.472,0,0,1701981521,329
3321c531,29.541,-98.4852,0,0,1701981504,312
3321cc93,29.5292,-98.472,0,0,1701981524,174
3321ccba,29.542,-98.4861,0,1,1701981524,8
332195e8,29.5422,-98.4859,0,8,1701981483,28
3321c094,29.525,-98.472,0,0,1701981521,329
3321c531,29.541,-98.4852,0,0,1701981504,312
3321cc93,29.5292,-98.472,0,0,1701981524,174
3321ccba,29.542,-98.4861,0,1,1701981524,8
332195e8,29.5422,-98.4859,0,8,1701981483,28
3321c094,29.525,-98.472,0,0,1701981521,329
3321c531,29.541,-98.4852,0,0,1701981504,312
3321cc93,29.5292,-98.472,0,0,1701981524,174
3321ccba,29.542,-98.4861,0,1,1701981524,8
332195e8,29.5422,-98.4859,0,8,1701981483,28
3321c094,29.525,-98.472,0,0,1701981521,329
3321c531,29.541,-98.4852,0,0,1701981504,312
3321cc93,29.5292,-98.472,0,0,1701981524,174
3321ccba,29.542,-98.4861,0,1,1701981528,11
332195e8,29.5422,-98.4859,0,8,1701981483,28
3321c094,29.525,-98.472,0,0,1701981521,329
3321c531,29.541,-98.4852,0,0,1701981504,312
3321cc93,29.5292,-98.472,0,0,1701981524,174
3321ccba,29.542,-98.4861,0,1,1701981528,11
332195e8,29.5422,-98.4859,0,8,1701981483,28
3321c094,29.525,-98.472,0,0,1701981521,329
3321c531,29.541,-98.4852,0,0,1701981504,312
3321cc93,29.5292,-98.472,0,0,1701981524,174
3321ccba,29.542,-98.4861,0,1,1701981528,11
332195e8,29.5422,-98.4859,0,8,1701981483,28
3321c094,29.525,-98.472,0,0,1701981521,329
3321c531,29.541,-98.4852,0,0,1701981504,312
3321cc93,29.5292,-98.472,0,0,1701981524,174
3321ccba,29.542,-98.4861,0,1,1701981528,11
332195e8,29.5422,-98.4859,0,8,1701981483,28
3321c094,29.525,-98.472,0,0,1701981521,329
3321c531,29.541,-98.4852,0,0,1701981504,312
3321cc93,29.5292,-98.472,0,0,1701981529,174
3321ccba,29.542,-98.4861,0,3,1701981531,14
332195e8,29.5422,-98.4859,0,8,1701981483,28
3321c094,29.525,-98.472,0,0,1701981521,329
3321c531,29.541,-98.4852,0,0,1701981504,312
3321cc93,29.5292,-98.472,0,0,1701981529,174
3321ccba,29.542,-98.4861,0,3,1701981531,14
332195e8,29.5422,-98.4859,0,8,1701981483,28
3321c094,29.525,-98.472,0,0,1701981521,329
3321c531,29.541,-98.4852,0,0,1701981504,312
3321cc93,29.5292,-98.472,0,0,1701981529,174
3321ccba,29.542,-98.4861,0,3,1701981531,14
332195e8,29.5422,-98.4859,0,8,1701981483,28
3321c094,29.525,-98.472,0,0,1701981521,329
3321c531,29.541,-98.4852,0,0,1701981504,312
3321cc93,29.5292,-98.472,0,0,1701981534,174
3321ccba,29.542,-98.486,0,4,1701981534,19
332195e8,29.5422,-98.4859,0,8,1701981483,28
3321c094,29.525,-98.472,0,0,1701981521,329
3321c531,29.541,-98.4852,0,0,1701981504,312
3321cc93,29.5292,-98.472,0,0,1701981534,174
3321ccba,29.542,-98.486,0,4,1701981534,19
332195e8,29.5422,-98.4859,0,8,1701981483,28
3321c094,29.525,-98.472,0,0,1701981521,329
3321c531,29.541,-98.4852,0,0,1701981504,312
3321cc93,29.5292,-98.472,0,0,1701981534,174
3321ccba,29.542,-98.486,0,4,1701981534,19
332195e8,29.5396,-98.4815,0,92,1701981541,132
3321c094,29.525,-98.472,0,0,1701981521,329
3321c531,29.541,-98.4852,0,0,1701981504,312
3321cc93,29.5292,-98.472,0,0,1701981539,174
3321ccba,29.542,-98.486,0,4,1701981534,19
332195e8,29.5396,-98.4815,0,92,1701981541,132
3321c094,29.525,-98.472,0,0,1701981521,329
3321c531,29.541,-98.4852,0,0,1701981504,312
3321cc93,29.5292,-98.472,0,0,1701981539,174
3321ccba,29.542,-98.486,0,4,1701981534,19
332195e8,29.5396,-98.4815,0,92,1701981541,132
3321c094,29.525,-98.472,0,0,1701981521,329
3321c531,29.541,-98.4852,0,0,1701981504,312
3321cc93,29.5292,-98.472,0,0,1701981539,174
3321ccba,29.542,-98.486,0,4,1701981534,19
332195e8,29.5396,-98.4815,0,92,1701981541,132
3321c094,29.525,-98.472,0,0,1701981521,329
3321c531,29.541,-98.4852,0,0,1701981504,312
3321cc93,29.5292,-98.472,0,0,1701981544,174
3321ccba,29.542,-98.486,0,4,1701981534,19
332195e8,29.5396,-98.4815,0,92,1701981541,132
3321c094,29.525,-98.472,0,0,1701981521,329
3321c531,29.541,-98.4852,0,0,1701981504,312
3321cc93,29.5292,-98.472,0,0,1701981544,174
3321ccba,29.542,-98.486,0,4,1701981534,19
332195e8,29.5396,-98.4815,0,92,1701981541,132
3321c094,29.525,-98.472,0,0,1701981521,329
3321c531,29.541,-98.4852,0,0,1701981504,312
3321cc93,29.5292,-98.472,0,0,1701981544,174
3321ccba,29.542,-98.486,0,4,1701981534,19
332195e8,29.5396,-98.4815,0,92,1701981541,132
3321c094,29.525,-98.472,0,0,1701981521,329
3321c531,29.541,-98.4852,0,0,1701981504,312
3321cc93,29.5292,-98.472,0,0,1701981549,174
3321ccba,29.542,-98.486,0,4,1701981534,19
332195e8,29.5396,-98.4815,0,92,1701981541,132
3321c094,29.525,-98.472,0,0,1701981521,329
3321c531,29.541,-98.4852,0,0,1701981504,312
3321cc93,29.5292,-98.472,0,0,1701981549,174
3321ccba,29.542,-98.486,0,4,1701981534,19
332195e8,29.5396,-98.4815,0,92,1701981541,132
3321c094,29.525,-98.472,0,0,1701981521,329
3321c531,29.541,-98.4852,0,0,1701981504,312
3321cc93,29.5292,-98.472,0,0,1701981549,174
3321ccba,29.542,-98.486,0,4,1701981534,19
332195e8,29.5396,-98.4815,0,92,1701981541,132
3321c094,29.525,-98.472,0,0,1701981521,329
3321c531,29.541,-98.4852,0,0,1701981504,312
3321cc93,29.5292,-98.472,0,0,1701981549,174
3321ccba,29.542,-98.486,0,4,1701981534,19
332195e8,29.5396,-98.4815,0,92,1701981541,132
3321c094,29.525,-98.472,0,0,1701981521,329
3321c531,29.541,-98.4852,0,0,1701981504,312
3321cc93,29.5292,-98.472,0,0,1701981549,174
3321ccba,29.5425,-98.4857,0,0,1701981553,42
332195e8,29.5396,-98.4815,0,92,1701981541,132
3321c094,29.525,-98.472,0,0,1701981521,329
3321c531,29.541,-98.4852,0,0,1701981504,312
3321cc93,29.5292,-98.472,0,0,1701981549,174
3321ccba,29.5425,-98.4857,0,0,1701981553,42
332195e8,29.5396,-98.4815,0,92,1701981541,132
3321c094,29.525,-98.472,0,0,1701981521,329
3321c531,29.541,-98.4852,0,0,1701981504,312
3321cc93,29.5292,-98.472,0,0,1701981549,174
3321ccba,29.5425,-98.4857,0,0,1701981553,42
332195e8,29.5396,-98.4815,0,92,1701981541,132
3321c094,29.525,-98.472,0,0,1701981521,329
3321c531,29.5417,-98.486,0,0,1701981556,320
3321cc93,29.5292,-98.472,0,0,1701981549,174
3321ccba,29.5426,-98.4856,0,5,1701981556,47
332195e8,29.5396,-98.4815,0,92,1701981541,132
3321c094,29.525,-98.472,0,0,1701981521,329
3321c531,29.5417,-98.486,0,0,1701981556,320
3321cc93,29.5292,-98.472,0,0,1701981549,174
3321ccba,29.5426,-98.4856,0,5,1701981556,47
332195e8,29.5396,-98.4815,0,92,1701981541,132
3321c094,29.525,-98.472,0,0,1701981521,329
3321c531,29.5417,-98.486,0,0,1701981556,320
3321cc93,29.5292,-98.472,0,0,1701981549,174
3321ccba,29.5426,-98.4856,0,5,1701981556,47
3321c094,29.525,-98.472,0,0,1701981521,329
3321c531,29.5417,-98.486,0,0,1701981556,320
3321cc93,29.5292,-98.472,0,0,1701981559,174
3321ccba,29.5426,-98.4855,0,4,1701981560,70
3321c094,29.525,-98.472,0,0,1701981521,329
3321c531,29.5417,-98.486,0,0,1701981556,320
3321cc93,29.5292,-98.472,0,0,1701981559,174
3321ccba,29.5426,-98.4855,0,4,1701981560,70
3321c094,29.525,-98.472,0,0,1701981521,329
3321c531,29.5417,-98.486,0,0,1701981556,320
3321cc93,29.5292,-98.472,0,0,1701981559,174
3321ccba,29.5426,-98.4855,0,4,1701981560,70
3321c094,29.525,-98.472,0,0,1701981521,329
3321c531,29.5417,-98.486,0,0,1701981556,320
3321cc93,29.5292,-98.472,0,0,1701981559,174
3321ccba,29.5426,-98.4854,0,4,1701981564,104
3321c094,29.525,-98.472,0,0,1701981521,329
3321c531,29.5417,-98.486,0,0,1701981556,320
3321cc93,29.5292,-98.472,0,0,1701981559,174
3321ccba,29.5426,-98.4854,0,4,1701981564,104
3321c094,29.525,-98.472,0,0,1701981521,329
3321c531,29.5417,-98.486,0,0,1701981556,320
3321cc93,29.5292,-98.472,0,0,1701981559,174
3321ccba,29.5426,-98.4854,0,4,1701981564,104
3321c094,29.525,-98.472,0,0,1701981521,329
3321c531,29.5417,-98.486,0,0,1701981556,320
3321cc93,29.5292,-98.472,0,0,1701981559,174
3321ccba,29.5426,-98.4854,0,4,1701981564,104
3321c094,29.525,-98.472,0,0,1701981521,329
3321c531,29.5417,-98.486,0,0,1701981556,320
3321cc93,29.5292,-98.472,0,0,1701981569,174
3321ccba,29.5426,-98.4854,0,4,1701981565,106
3321c094,29.525,-98.472,0,0,1701981521,329
3321c531,29.5417,-98.486,0,0,1701981556,320
3321cc93,29.5292,-98.472,0,0,1701981569,174
3321ccba,29.5426,-98.4854,0,4,1701981565,106
3321c094,29.525,-98.472,0,0,1701981521,329
3321c531,29.5417,-98.486,0,0,1701981556,320
3321cc93,29.5292,-98.472,0,0,1701981569,174
3321ccba,29.5426,-98.4854,0,4,1701981565,106
3321c094,29.525,-98.472,0,0,1701981569,329
3321c531,29.5417,-98.486,0,0,1701981556,320
3321cc93,29.5292,-98.472,0,0,1701981569,174
3321ccba,29.5425,-98.4853,0,2,1701981572,132
3321e247,29.5384,-98.4852,0,0,1701981573,132
3321c094,29.525,-98.472,0,0,1701981569,329
3321c531,29.5417,-98.486,0,0,1701981556,320
3321cc93,29.5292,-98.472,0,0,1701981569,174
3321ccba,29.5425,-98.4853,0,2,1701981572,132
3321e247,29.5384,-98.4852,0,0,1701981573,132
3321c094,29.525,-98.472,0,0,1701981569,329
3321c531,29.5417,-98.486,0,0,1701981556,320
3321cc93,29.5292,-98.472,0,0,1701981569,174
3321ccba,29.5425,-98.4853,0,2,1701981572,132
3321e247,29.5384,-98.4852,0,0,1701981573,132
3321c094,29.525,-98.472,0,0,1701981569,329
3321c531,29.5417,-98.486,0,0,1701981556,320
3321cc93,29.5292,-98.472,0,0,1701981574,174
3321ccba,29.5425,-98.4853,0,1,1701981574,132
3321e247,29.5384,-98.4852,0,0,1701981573,132
3321c094,29.525,-98.472,0,0,1701981569,329
3321c531,29.5417,-98.486,0,0,1701981556,320
3321cc93,29.5292,-98.472,0,0,1701981574,174
3321ccba,29.5425,-98.4853,0,1,1701981574,132
3321e247,29.5384,-98.4852,0,0,1701981573,132
3321c094,29.525,-98.472,0,0,1701981569,329
3321c531,29.5417,-98.486,0,0,1701981556,320
3321cc93,29.5292,-98.472,0,0,1701981574,174
3321ccba,29.5425,-98.4853,0,1,1701981574,132
3321e247,29.5384,-98.4852,0,0,1701981573,132
3321c094,29.525,-98.472,0,0,1701981579,329
3321c531,29.5417,-98.486,0,0,1701981556,320
3321cc93,29.5292,-98.472,0,0,1701981579,174
3321ccba,29.5425,-98.4853,0,1,1701981574,132
3321e247,29.5384,-98.4852,0,1,1701981578,132
3321c094,29.525,-98.472,0,0,1701981579,329
3321c531,29.5417,-98.486,0,0,1701981556,320
3321cc93,29.5292,-98.472,0,0,1701981579,174
3321ccba,29.5425,-98.4853,0,1,1701981574,132
3321e247,29.5384,-98.4852,0,1,1701981578,132
3321c094,29.525,-98.472,0,0,1701981579,329
3321c531,29.5417,-98.486,0,0,1701981556,320
3321cc93,29.5292,-98.472,0,0,1701981579,174
3321ccba,29.5425,-98.4853,0,1,1701981574,132
3321e247,29.5384,-98.4852,0,1,1701981578,132
3321c094,29.525,-98.472,0,0,1701981584,329
3321c531,29.5417,-98.486,0,0,1701981556,320
3321cc93,29.5292,-98.472,0,0,1701981584,174
3321ccba,29.5425,-98.4853,0,1,1701981574,132
3321e247,29.5384,-98.4852,0,1,1701981583,132
3321c094,29.525,-98.472,0,0,1701981584,329
3321c531,29.5417,-98.486,0,0,1701981556,320
3321cc93,29.5292,-98.472,0,0,1701981584,174
3321ccba,29.5425,-98.4853,0,1,1701981574,132
3321e247,29.5384,-98.4852,0,1,1701981583,132
3321c094,29.525,-98.472,0,0,1701981584,329
3321c531,29.5417,-98.486,0,0,1701981556,320
3321cc93,29.5292,-98.472,0,0,1701981584,174
3321ccba,29.5425,-98.4853,0,1,1701981574,132
3321e247,29.5384,-98.4852,0,1,1701981583,132
3321c094,29.525,-98.472,0,0,1701981584,329
3321c531,29.5417,-98.486,0,0,1701981556,320
3321cc93,29.5292,-98.472,0,0,1701981584,174
3321ccba,29.5425,-98.4853,0,1,1701981589,132
3321e247,29.5384,-98.4852,0,1,1701981588,132
3321c094,29.525,-98.472,0,0,1701981584,329
3321c531,29.5417,-98.486,0,0,1701981556,320
3321cc93,29.5292,-98.472,0,0,1701981584,174
3321ccba,29.5425,-98.4853,0,1,1701981589,132
3321e247,29.5384,-98.4852,0,1,1701981588,132
3321c094,29.525,-98.472,0,0,1701981584,329
3321c531,29.5417,-98.486,0,0,1701981556,320
3321cc93,29.5292,-98.472,0,0,1701981584,174
3321ccba,29.5425,-98.4853,0,1,1701981589,132
3321e247,29.5384,-98.4852,0,1,1701981588,132
3321c094,29.525,-98.472,0,0,1701981584,329
3321c531,29.5417,-98.486,0,0,1701981556,320
3321cc93,29.5292,-98.472,0,0,1701981584,174
3321ccba,29.5425,-98.4853,0,1,1701981589,132
3321e247,29.5384,-98.4852,0,1,1701981588,132
3321c094,29.525,-98.472,0,0,1701981584,329
3321c531,29.5417,-98.486,0,0,1701981556,320
3321cc93,29.5292,-98.4719,0,0,1701981589,174
3321ccba,29.5425,-98.4852,0,4,1701981592,132
3321e247,29.5384,-98.4852,0,1,1701981588,132
3321c094,29.525,-98.472,0,0,1701981584,329
3321c531,29.5417,-98.486,0,0,1701981556,320
3321cc93,29.5292,-98.4719,0,0,1701981589,174
3321ccba,29.5425,-98.4852,0,4,1701981592,132
3321e247,29.5384,-98.4852,0,1,1701981588,132
3321c094,29.525,-98.472,0,0,1701981584,329
3321c531,29.5417,-98.486,0,0,1701981556,320
3321cc93,29.5292,-98.4719,0,0,1701981589,174
3321ccba,29.5425,-98.4852,0,4,1701981592,132
3321e247,29.5384,-98.4852,0,1,1701981588,132
3321c094,29.525,-98.472,0,0,1701981584,329
3321c531,29.5417,-98.486,0,0,1701981556,320
3321cc93,29.5292,-98.4719,0,0,1701981594,174
3321ccba,29.5424,-98.4851,0,14,1701981595,132
3321e247,29.5384,-98.4852,0,1,1701981593,132
3321c094,29.525,-98.472,0,0,1701981584,329
3321c531,29.5417,-98.486,0,0,1701981556,320
3321cc93,29.5292,-98.4719,0,0,1701981594,174
3321ccba,29.5424,-98.4851,0,14,1701981595,132
3321e247,29.5384,-98.4852,0,1,1701981593,132
3321c094,29.525,-98.472,0,0,1701981584,329
3321c531,29.5417,-98.486,0,0,1701981556,320
3321cc93,29.5292,-98.4719,0,0,1701981594,174
3321ccba,29.5424,-98.4851,0,14,1701981595,132
3321e247,29.5384,-98.4852,0,1,1701981593,132
3321c094,29.525,-98.472,0,0,1701981584,329
3321c531,29.5417,-98.486,0,0,1701981556,320
3321cc93,29.5292,-98.4719,0,0,1701981599,174
3321ccba,29.5424,-98.4851,0,14,1701981595,132
3321e247,29.5384,-98.4852,0,1,1701981593,132
3321c094,29.525,-98.472,0,0,1701981584,329
3321c531,29.5417,-98.486,0,0,1701981556,320
3321cc93,29.5292,-98.4719,0,0,1701981599,174
3321ccba,29.5424,-98.4851,0,14,1701981595,132
3321e247,29.5384,-98.4852,0,1,1701981593,132
3321c094,29.525,-98.472,0,0,1701981584,329
3321c531,29.5417,-98.486,0,0,1701981556,320
3321cc93,29.5292,-98.4719,0,0,1701981599,174
3321ccba,29.5424,-98.4851,0,14,1701981595,132
3321e247,29.5384,-98.4852,0,1,1701981593,132
3321c094,29.525,-98.472,0,0,1701981584,329
3321c531,29.5417,-98.486,0,0,1701981556,320
3321cc93,29.5292,-98.4719,0,0,1701981604,174
3321ccba,29.5413,-98.4837,0,64,1701981605,132
3321e247,29.5384,-98.4852,0,0,1701981603,132
3321c094,29.525,-98.472,0,0,1701981584,329
3321c531,29.5417,-98.486,0,0,1701981556,320
3321cc93,29.5292,-98.4719,0,0,1701981604,174
3321ccba,29.5413,-98.4837,0,64,1701981605,132
3321e247,29.5384,-98.4852,0,0,1701981603,132
3321c094,29.525,-98.472,0,0,1701981584,329
3321c531,29.5417,-98.486,0,0,1701981556,320
3321cc93,29.5292,-98.4719,0,0,1701981604,174
3321ccba,29.5413,-98.4837,0,64,1701981605,132
3321e247,29.5384,-98.4852,0,0,1701981603,132
3321c094,29.525,-98.472,0,0,1701981584,329
3321c531,29.5417,-98.486,0,0,1701981556,320
3321cc93,29.5292,-98.4719,0,0,1701981604,174
3321ccba,29.5403,-98.4824,0,88,1701981609,132
3321e247,29.5384,-98.4852,0,0,1701981608,132
3321c094,29.525,-98.472,0,0,1701981584,329
3321c531,29.5417,-98.486,0,0,1701981556,320
3321cc93,29.5292,-98.4719,0,0,1701981604,174
3321ccba,29.5403,-98.4824,0,88,1701981609,132
3321e247,29.5384,-98.4852,0,0,1701981608,132
3321c094,29.525,-98.472,0,0,1701981584,329
3321c531,29.5417,-98.486,0,0,1701981556,320
3321cc93,29.5292,-98.4719,0,0,1701981604,174
3321ccba,29.5403,-98.4824,0,88,1701981609,132
3321e247,29.5384,-98.4852,0,0,1701981608,132
3321c094,29.525,-98.472,0,0,1701981584,329
3321c531,29.5417,-98.486,0,0,1701981556,320
3321cc93,29.5292,-98.4719,0,0,1701981609,174
3321ccba,29.5399,-98.4819,0,96,1701981610,132
3321e247,29.5384,-98.4852,0,1,1701981613,132
3321c094,29.525,-98.472,0,0,1701981584,329
3321c531,29.5417,-98.486,0,0,1701981556,320
3321cc93,29.5292,-98.4719,0,0,1701981609,174
3321ccba,29.5399,-98.4819,0,96,1701981610,132
3321e247,29.5384,-98.4852,0,1,1701981613,132
3321c094,29.525,-98.472,0,0,1701981584,329
3321c531,29.5417,-98.486,0,0,1701981556,320
3321cc93,29.5292,-98.4719,0,0,1701981609,174
3321ccba,29.5399,-98.4819,0,96,1701981610,132
3321e247,29.5384,-98.4852,0,1,1701981613,132
3321c094,29.525,-98.472,0,0,1701981584,329
3321c531,29.5417,-98.486,0,0,1701981556,320
3321cc93,29.5292,-98.4719,0,0,1701981609,174
3321ccba,29.5399,-98.4819,0,96,1701981610,132
3321e247,29.5384,-98.4852,0,1,1701981613,132
3321c094,29.525,-98.472,0,0,1701981584,329
3321c531,29.5417,-98.486,0,0,1701981556,320
3321cc93,29.5292,-98.4719,0,0,1701981614,174
3321e247,29.5384,-98.4852,0,1,1701981613,132
3321c094,29.525,-98.472,0,0,1701981584,329
3321c531,29.5417,-98.486,0,0,1701981556,320
3321cc93,29.5292,-98.4719,0,0,1701981614,174
3321e247,29.5384,-98.4852,0,1,1701981613,132
3321c094,29.525,-98.472,0,0,1701981584,329
3321c531,29.5417,-98.486,0,0,1701981556,320
3321cc93,29.5292,-98.4719,0,0,1701981614,174
3321e247,29.5384,-98.4852,0,1,1701981613,132
3321c094,29.525,-98.472,0,0,1701981584,329
3321c531,29.5417,-98.486,0,0,1701981556,320
3321cc93,29.5292,-98.4719,0,0,1701981614,174
3321e247,29.5384,-98.4852,0,1,1701981618,132
3321c094,29.525,-98.472,0,0,1701981584,329
3321c531,29.5417,-98.486,0,0,1701981556,320
3321cc93,29.5292,-98.4719,0,0,1701981614,174
3321e247,29.5384,-98.4852,0,1,1701981618,132
3321c094,29.525,-98.472,0,0,1701981584,329
3321c531,29.5417,-98.486,0,0,1701981556,320
3321cc93,29.5292,-98.4719,0,0,1701981614,174
3321e247,29.5384,-98.4852,0,1,1701981618,132
3321c094,29.525,-98.472,0,0,1701981584,329
3321c531,29.5417,-98.486,0,0,1701981556,320
3321cc93,29.5292,-98.4719,0,0,1701981614,174
3321e247,29.5384,-98.4852,0,1,1701981623,132
3321c094,29.525,-98.472,0,0,1701981584,329
3321c531,29.5417,-98.486,0,0,1701981556,320
3321cc93,29.5292,-98.4719,0,0,1701981614,174
3321e247,29.5384,-98.4852,0,1,1701981623,132
3321c094,29.525,-98.472,0,0,1701981584,329
3321c531,29.5417,-98.486,0,0,1701981556,320
3321cc93,29.5292,-98.4719,0,0,1701981614,174
3321e247,29.5384,-98.4852,0,1,1701981623,132
3321c094,29.525,-98.472,0,0,1701981584,329
3321c531,29.5417,-98.486,0,0,1701981556,320
3321cc93,29.5292,-98.4719,0,0,1701981629,174
3321e247,29.5384,-98.4852,0,1,1701981628,132
3321c094,29.525,-98.472,0,0,1701981584,329
3321c531,29.5417,-98.486,0,0,1701981556,320
3321cc93,29.5292,-98.4719,0,0,1701981629,174
3321e247,29.5384,-98.4852,0,1,1701981628,132
3321c094,29.525,-98.472,0,0,1701981584,329
3321c531,29.5417,-98.486,0,0,1701981556,320
3321cc93,29.5292,-98.4719,0,0,1701981629,174
3321e247,29.5384,-98.4852,0,1,1701981628,132
3321c094,29.525,-98.472,0,0,1701981584,329
3321c531,29.5417,-98.486,0,0,1701981556,320
3321cc93,29.5292,-98.4719,0,0,1701981629,174
3321e247,29.5384,-98.4852,0,1,1701981628,132
3321c094,29.525,-98.472,0,0,1701981584,329
3321c531,29.5417,-98.486,0,0,1701981556,320
3321cc93,29.5292,-98.4719,0,0,1701981629,174
3321e247,29.5384,-98.4852,0,1,1701981628,132
3321c094,29.525,-98.472,0,0,1701981584,329
3321c531,29.5417,-98.486,0,0,1701981556,320
3321cc93,29.5292,-98.4719,0,0,1701981629,174
3321e247,29.5384,-98.4852,0,1,1701981628,132
3321c094,29.525,-98.472,0,0,1701981584,329
3321c531,29.5417,-98.486,0,0,1701981556,320
3321cc93,29.5292,-98.4719,0,0,1701981634,174
3321e247,29.5384,-98.4852,0,1,1701981633,132
3321c094,29.525,-98.472,0,0,1701981584,329
3321c531,29.5417,-98.486,0,0,1701981556,320
3321cc93,29.5292,-98.4719,0,0,1701981634,174
3321e247,29.5384,-98.4852,0,1,1701981633,132
3321c094,29.525,-98.472,0,0,1701981584,329
3321c531,29.5417,-98.486,0,0,1701981556,320
3321cc93,29.5292,-98.4719,0,0,1701981634,174
3321e247,29.5384,-98.4852,0,1,1701981633,132
3321c094,29.525,-98.472,0,0,1701981584,329
3321c531,29.5417,-98.486,0,0,1701981556,320
3321cc93,29.5292,-98.4719,0,0,1701981639,174
3321e247,29.5384,-98.4852,0,1,1701981638,132
3321c094,29.525,-98.472,0,0,1701981584,329
3321c531,29.5417,-98.486,0,0,1701981556,320
3321cc93,29.5292,-98.4719,0,0,1701981639,174
3321e247,29.5384,-98.4852,0,1,1701981638,132
3321c094,29.525,-98.472,0,0,1701981584,329
3321c531,29.5417,-98.486,0,0,1701981556,320
3321cc93,29.5292,-98.4719,0,0,1701981639,174
3321e247,29.5384,-98.4852,0,1,1701981638,132
3321c094,29.525,-98.472,0,0,1701981584,329
3321c531,29.5417,-98.486,0,0,1701981556,320
3321cc93,29.5292,-98.4719,0,0,1701981639,174
3321e247,29.5384,-98.4852,0,1,1701981638,132
3321c094,29.525,-98.472,0,0,1701981584,329
3321cc93,29.5292,-98.4719,0,0,1701981639,174
3321e247,29.5384,-98.4852,0,1,1701981638,132
3321c094,29.525,-98.472,0,0,1701981584,329
3321cc93,29.5292,-98.4719,0,0,1701981639,174
3321e247,29.5384,-98.4852,0,1,1701981638,132
3321c094,29.525,-98.472,0,0,1701981584,329
3321cc93,29.5292,-98.4719,0,0,1701981639,174
3321e247,29.5384,-98.4852,0,1,1701981638,132
3321c094,29.525,-98.472,0,0,1701981584,329
3321cc93,29.5292,-98.4719,0,0,1701981639,174
3321e247,29.5384,-98.4852,0,0,1701981648,132
3321c094,29.525,-98.472,0,0,1701981584,329
3321cc93,29.5292,-98.4719,0,0,1701981639,174
3321e247,29.5384,-98.4852,0,0,1701981648,132
3321c094,29.525,-98.472,0,0,1701981584,329
3321cc93,29.5292,-98.4719,0,0,1701981639,174
3321e247,29.5384,-98.4852,0,0,1701981648,132
3321c094,29.525,-98.472,0,0,1701981584,329
3321cc93,29.5292,-98.472,0,0,1701981649,174
3321e247,29.5384,-98.4852,0,0,1701981648,132
3321c094,29.525,-98.472,0,0,1701981584,329
3321cc93,29.5292,-98.472,0,0,1701981649,174
3321e247,29.5384,-98.4852,0,0,1701981648,132
3321c094,29.525,-98.472,0,0,1701981584,329
3321cc93,29.5292,-98.472,0,0,1701981649,174
3321e247,29.5384,-98.4852,0,0,1701981648,132
3321c094,29.525,-98.472,0,0,1701981584,329
3321cc93,29.5292,-98.472,0,0,1701981654,174
3321e247,29.5384,-98.4852,0,0,1701981654,132
3321c094,29.525,-98.472,0,0,1701981584,329
3321cc93,29.5292,-98.472,0,0,1701981654,174
3321e247,29.5384,-98.4852,0,0,1701981654,132
3321c094,29.525,-98.472,0,0,1701981584,329
3321cc93,29.5292,-98.472,0,0,1701981654,174
3321e247,29.5384,-98.4852,0,0,1701981654,132
3321c094,29.525,-98.472,0,0,1701981584,329
3321cc93,29.5292,-98.472,0,0,1701981659,174
3321e247,29.5384,-98.4852,0,1,1701981658,132
3321c094,29.525,-98.472,0,0,1701981584,329
3321cc93,29.5292,-98.472,0,0,1701981659,174
3321e247,29.5384,-98.4852,0,1,1701981658,132
3321c094,29.525,-98.472,0,0,1701981584,329
3321cc93,29.5292,-98.472,0,0,1701981659,174
3321e247,29.5384,-98.4852,0,1,1701981658,132
3321c094,29.525,-98.472,0,0,1701981584,329
3321cc93,29.5292,-98.472,0,0,1701981664,174
3321e247,29.5384,-98.4852,0,1,1701981664,132
3321c094,29.525,-98.472,0,0,1701981584,329
3321cc93,29.5292,-98.472,0,0,1701981664,174
3321e247,29.5384,-98.4852,0,1,1701981664,132
3321c094,29.525,-98.472,0,0,1701981584,329
3321cc93,29.5292,-98.472,0,0,1701981664,174
3321e247,29.5384,-98.4852,0,1,1701981664,132
3321c094,29.525,-98.472,0,0,1701981584,329
3321cc93,29.5292,-98.472,0,0,1701981664,174
3321e247,29.5384,-98.4852,0,1,1701981664,132
3321c094,29.525,-98.472,0,0,1701981584,329
3321cc93,29.5292,-98.472,0,0,1701981664,174
3321e247,29.5384,-98.4852,0,1,1701981669,132
3321c094,29.525,-98.472,0,0,1701981584,329
3321cc93,29.5292,-98.472,0,0,1701981664,174
3321e247,29.5384,-98.4852,0,1,1701981669,132
3321c094,29.525,-98.472,0,0,1701981584,329
3321cc93,29.5292,-98.472,0,0,1701981664,174
3321e247,29.5384,-98.4852,0,1,1701981669,132
3321c094,29.525,-98.472,0,0,1701981669,329
3321cc93,29.5292,-98.472,0,0,1701981669,174
3321e247,29.5384,-98.4852,0,1,1701981669,132
3321c094,29.525,-98.472,0,0,1701981669,329
3321cc93,29.5292,-98.472,0,0,1701981669,174
3321e247,29.5384,-98.4852,0,1,1701981669,132
3321c094,29.525,-98.472,0,0,1701981669,329
3321cc93,29.5292,-98.472,0,0,1701981669,174
3321e247,29.5384,-98.4852,0,1,1701981669,132
3321c094,29.525,-98.472,0,0,1701981669,329
3321cc93,29.5292,-98.4719,0,0,1701981674,174
3321e247,29.5384,-98.4852,0,1,1701981674,132
3321c094,29.525,-98.472,0,0,1701981669,329
3321cc93,29.5292,-98.4719,0,0,1701981674,174
3321e247,29.5384,-98.4852,0,1,1701981674,132
3321c094,29.525,-98.472,0,0,1701981669,329
3321cc93,29.5292,-98.4719,0,0,1701981674,174
3321e247,29.5384,-98.4852,0,1,1701981674,132
3321c094,29.525,-98.472,0,0,1701981669,329
3321cc93,29.5292,-98.4719,0,0,1701981679,174
3321e247,29.5384,-98.4852,0,1,1701981674,132
3321c094,29.525,-98.472,0,0,1701981669,329
3321cc93,29.5292,-98.4719,0,0,1701981679,174
3321e247,29.5384,-98.4852,0,1,1701981674,132
3321c094,29.525,-98.472,0,0,1701981669,329
3321cc93,29.5292,-98.4719,0,0,1701981679,174
3321e247,29.5384,-98.4852,0,1,1701981674,132
3321c094,29.525,-98.472,0,0,1701981669,329
3321cc93,29.5292,-98.4719,0,0,1701981684,174
3321e247,29.5384,-98.4852,0,0,1701981684,132
3321c094,29.525,-98.472,0,0,1701981669,329
3321cc93,29.5292,-98.4719,0,0,1701981684,174
3321e247,29.5384,-98.4852,0,0,1701981684,132
3321c094,29.525,-98.472,0,0,1701981669,329
3321cc93,29.5292,-98.4719,0,0,1701981684,174
3321e247,29.5384,-98.4852,0,0,1701981684,132
3321c094,29.525,-98.472,0,0,1701981669,329
3321cc93,29.5292,-98.4719,0,0,1701981684,174
3321e247,29.5384,-98.4852,0,0,1701981684,132
3321c094,29.525,-98.472,0,0,1701981669,329
3321cc93,29.5292,-98.472,0,0,1701981689,174
3321e247,29.5384,-98.4852,0,0,1701981689,132
3321c094,29.525,-98.472,0,0,1701981669,329
3321cc93,29.5292,-98.472,0,0,1701981689,174
3321e247,29.5384,-98.4852,0,0,1701981689,132
3321c094,29.525,-98.472,0,0,1701981669,329
3321cc93,29.5292,-98.472,0,0,1701981689,174
3321e247,29.5384,-98.4852,0,0,1701981689,132
3321c094,29.525,-98.472,0,0,1701981669,329
3321cc93,29.5292,-98.472,0,0,1701981689,174
3321e247,29.5384,-98.4852,0,0,1701981689,132
3321c094,29.525,-98.472,0,0,1701981669,329
3321cc93,29.5292,-98.472,0,0,1701981689,174
3321e247,29.5384,-98.4852,0,0,1701981689,132
3321c094,29.525,-98.472,0,0,1701981669,329
3321cc93,29.5292,-98.472,0,0,1701981689,174
3321e247,29.5384,-98.4852,0,0,1701981689,132
3321c094,29.525,-98.472,0,0,1701981669,329
3321cc93,29.5292,-98.4719,0,0,1701981694,174
3321e247,29.5384,-98.4852,0,1,1701981694,132
3321c094,29.525,-98.472,0,0,1701981669,329
3321cc93,29.5292,-98.4719,0,0,1701981694,174
3321e247,29.5384,-98.4852,0,1,1701981694,132
3321c094,29.525,-98.472,0,0,1701981669,329
3321cc93,29.5292,-98.4719,0,0,1701981694,174
3321e247,29.5384,-98.4852,0,1,1701981694,132
3321c094,29.525,-98.472,0,0,1701981669,329
3321cc93,29.5292,-98.4719,0,0,1701981699,174
3321e247,29.5384,-98.4852,0,1,1701981699,132
3321c094,29.525,-98.472,0,0,1701981669,329
3321cc93,29.5292,-98.4719,0,0,1701981699,174
3321e247,29.5384,-98.4852,0,1,1701981699,132
3321c094,29.525,-98.472,0,0,1701981669,329
3321cc93,29.5292,-98.4719,0,0,1701981699,174
3321e247,29.5384,-98.4852,0,1,1701981699,132
3321c094,29.525,-98.472,0,0,1701981669,329
3321cc93,29.5292,-98.4719,0,0,1701981704,174
3321e247,29.5384,-98.4852,0,1,1701981704,132
3321c094,29.525,-98.472,0,0,1701981669,329
3321cc93,29.5292,-98.4719,0,0,1701981704,174
3321e247,29.5384,-98.4852,0,1,1701981704,132
3321c094,29.525,-98.472,0,0,1701981669,329
3321cc93,29.5292,-98.4719,0,0,1701981704,174
3321e247,29.5384,-98.4852,0,1,1701981704,132
3321c094,29.525,-98.472,0,0,1701981669,329
3321cc93,29.5292,-98.4719,0,0,1701981709,174
3321e247,29.5384,-98.4852,0,1,1701981704,132
3321c094,29.525,-98.472,0,0,1701981669,329
3321cc93,29.5292,-98.4719,0,0,1701981709,174
3321e247,29.5384,-98.4852,0,1,1701981704,132
3321c094,29.525,-98.472,0,0,1701981669,329
3321cc93,29.5292,-98.4719,0,0,1701981709,174
3321e247,29.5384,-98.4852,0,1,1701981704,132
3321c094,29.525,-98.472,0,0,1701981669,329
3321cc93,29.5292,-98.4719,0,0,1701981709,174
3321e247,29.5384,-98.4852,0,1,1701981704,132
3321c094,29.525,-98.472,0,0,1701981669,329
3321cc93,29.5292,-98.4719,0,0,1701981709,174
3321e247,29.5384,-98.4852,0,1,1701981709,132
3321c094,29.525,-98.472,0,0,1701981669,329
3321cc93,29.5292,-98.4719,0,0,1701981709,174
3321e247,29.5384,-98.4852,0,1,1701981709,132
3321c094,29.525,-98.472,0,0,1701981669,329
3321cc93,29.5292,-98.4719,0,0,1701981709,174
3321e247,29.5384,-98.4852,0,1,1701981709,132
3321c094,29.525,-98.472,0,0,1701981669,329
3321cc93,29.5292,-98.472,0,0,1701981714,174
3321e247,29.5384,-98.4852,0,1,1701981714,132
3321c094,29.525,-98.472,0,0,1701981669,329
3321cc93,29.5292,-98.472,0,0,1701981714,174
3321e247,29.5384,-98.4852,0,1,1701981714,132
3321c094,29.525,-98.472,0,0,1701981669,329
3321cc93,29.5292,-98.472,0,0,1701981714,174
3321e247,29.5384,-98.4852,0,1,1701981714,132
3321c094,29.525,-98.472,0,0,1701981669,329
3321cc93,29.5292,-98.4719,0,0,1701981719,174
3321e247,29.5384,-98.4852,0,1,1701981714,132
3321c094,29.525,-98.472,0,0,1701981669,329
3321cc93,29.5292,-98.4719,0,0,1701981719,174
3321e247,29.5384,-98.4852,0,1,1701981714,132
3321c094,29.525,-98.472,0,0,1701981669,329
3321cc93,29.5292,-98.4719,0,0,1701981719,174
3321e247,29.5384,-98.4852,0,1,1701981714,132
3321c094,29.525,-98.472,0,0,1701981669,329
3321cc93,29.5292,-98.4719,0,0,1701981719,174
3321e247,29.5384,-98.4852,0,0,1701981724,132
3321c094,29.525,-98.472,0,0,1701981669,329
3321cc93,29.5292,-98.4719,0,0,1701981719,174
3321e247,29.5384,-98.4852,0,0,1701981724,132
3321c094,29.525,-98.472,0,0,1701981669,329
3321cc93,29.5292,-98.4719,0,0,1701981719,174
3321e247,29.5384,-98.4852,0,0,1701981724,132
3321c094,29.525,-98.472,0,0,1701981669,329
3321cc93,29.5292,-98.4719,0,0,1701981728,174
3321e247,29.5384,-98.4852,0,0,1701981724,132
3321c094,29.525,-98.472,0,0,1701981669,329
3321cc93,29.5292,-98.4719,0,0,1701981728,174
3321e247,29.5384,-98.4852,0,0,1701981724,132
3321c094,29.525,-98.472,0,0,1701981669,329
3321cc93,29.5292,-98.4719,0,0,1701981728,174
3321e247,29.5384,-98.4852,0,0,1701981724,132
3321c094,29.525,-98.472,0,0,1701981669,329
3321cc93,29.5292,-98.472,0,0,1701981733,174
3321e247,29.5384,-98.4852,0,0,1701981729,132
3321c094,29.525,-98.472,0,0,1701981669,329
3321cc93,29.5292,-98.472,0,0,1701981733,174
3321e247,29.5384,-98.4852,0,0,1701981729,132
3321c094,29.525,-98.472,0,0,1701981669,329
3321cc93,29.5292,-98.472,0,0,1701981733,174
3321e247,29.5384,-98.4852,0,0,1701981729,132
3321c094,29.525,-98.472,0,0,1701981669,329
3321cc93,29.5292,-98.472,0,0,1701981733,174
3321e247,29.5384,-98.4851,0,0,1701981734,132
3321c094,29.525,-98.472,0,0,1701981669,329
3321cc93,29.5292,-98.472,0,0,1701981733,174
3321e247,29.5384,-98.4851,0,0,1701981734,132
3321c094,29.525,-98.472,0,0,1701981669,329
3321cc93,29.5292,-98.472,0,0,1701981733,174
3321e247,29.5384,-98.4851,0,0,1701981734,132
3321c094,29.525,-98.472,0,0,1701981669,329
3321cc93,29.5292,-98.4719,0,0,1701981738,174
3321e247,29.5384,-98.4851,0,0,1701981734,132
3321c094,29.525,-98.472,0,0,1701981669,329
3321cc93,29.5292,-98.4719,0,0,1701981738,174
3321e247,29.5384,-98.4851,0,0,1701981734,132
3321c094,29.525,-98.472,0,0,1701981669,329
3321cc93,29.5292,-98.4719,0,0,1701981738,174
3321e247,29.5384,-98.4851,0,0,1701981734,132
3321c094,29.525,-98.472,0,0,1701981669,329
3321cc93,29.5292,-98.4719,0,0,1701981743,174
3321e247,29.5384,-98.4849,0,4,1701981745,67
3321c094,29.525,-98.472,0,0,1701981669,329
3321cc93,29.5292,-98.4719,0,0,1701981743,174
3321e247,29.5384,-98.4849,0,4,1701981745,67
3321c094,29.525,-98.472,0,0,1701981669,329
3321cc93,29.5292,-98.4719,0,0,1701981743,174
3321e247,29.5384,-98.4849,0,4,1701981745,67
3321c094,29.525,-98.472,0,0,1701981669,329
3321cc93,29.5292,-98.4719,0,0,1701981748,174
3321e247,29.5385,-98.4848,0,6,1701981749,53
3321c094,29.525,-98.472,0,0,1701981669,329
3321cc93,29.5292,-98.4719,0,0,1701981748,174
3321e247,29.5385,-98.4848,0,6,1701981749,53
3321c094,29.525,-98.472,0,0,1701981669,329
3321cc93,29.5292,-98.4719,0,0,1701981748,174
3321e247,29.5385,-98.4848,0,6,1701981749,53
3321c094,29.525,-98.472,0,0,1701981669,329
3321cc93,29.5292,-98.4719,0,0,1701981748,174
3321e247,29.5385,-98.4848,0,6,1701981749,53
3321c094,29.525,-98.472,0,0,1701981669,329
3321cc93,29.5292,-98.4719,0,0,1701981748,174
3321e247,29.5385,-98.4847,0,6,1701981753,47
3321c094,29.525,-98.472,0,0,1701981669,329
3321cc93,29.5292,-98.4719,0,0,1701981748,174
3321e247,29.5385,-98.4847,0,6,1701981753,47
3321c094,29.525,-98.472,0,0,1701981669,329
3321cc93,29.5292,-98.4719,0,0,1701981748,174
3321e247,29.5385,-98.4847,0,6,1701981753,47
3321c094,29.525,-98.472,0,0,1701981669,329
3321cc93,29.5292,-98.4719,0,0,1701981753,174
3321e247,29.5386,-98.4847,0,6,1701981756,45
3321cc93,29.5292,-98.4719,0,0,1701981753,174
3321e247,29.5386,-98.4847,0,6,1701981756,45
3321cc93,29.5292,-98.4719,0,0,1701981753,174
3321e247,29.5386,-98.4847,0,6,1701981756,45
3321cc93,29.5292,-98.4719,0,0,1701981758,174
3321e247,29.5387,-98.4846,0,6,1701981761,42
3321cc93,29.5292,-98.4719,0,0,1701981758,174
3321e247,29.5387,-98.4846,0,6,1701981761,42
3321cc93,29.5292,-98.4719,0,0,1701981758,174
3321e247,29.5387,-98.4846,0,6,1701981761,42
3321cc93,29.5292,-98.4719,0,0,1701981763,174
3321e247,29.5388,-98.4845,0,7,1701981765,42
3321cc93,29.5292,-98.4719,0,0,1701981763,174
3321e247,29.5388,-98.4845,0,7,1701981765,42
3321cc93,29.5292,-98.4719,0,0,1701981763,174
3321e247,29.5388,-98.4845,0,7,1701981765,42
3321cc93,29.5292,-98.4719,0,0,1701981768,174
3321e247,29.5389,-98.4844,0,8,1701981769,42
3321cc93,29.5292,-98.4719,0,0,1701981768,174
3321e247,29.5389,-98.4844,0,8,1701981769,42
3321cc93,29.5292,-98.4719,0,0,1701981768,174
3321e247,29.5389,-98.4844,0,8,1701981769,42
3321cc93,29.5292,-98.4719,0,0,1701981768,174
3321e247,29.5389,-98.4844,0,8,1701981769,42
3321cc93,29.5292,-98.4719,0,0,1701981768,174
3321e247,29.539,-98.4843,0,8,1701981772,42
3321cc93,29.5292,-98.4719,0,0,1701981768,174
3321e247,29.539,-98.4843,0,8,1701981772,42
3321cc93,29.5292,-98.4719,0,0,1701981768,174
3321e247,29.539,-98.4843,0,8,1701981772,42
3321cc93,29.5292,-98.4719,0,0,1701981773,174
3321e247,29.5391,-98.4842,0,7,1701981776,42
3321e56e,29.5279,-98.4703,0,0,1701981776,168
3321cc93,29.5292,-98.4719,0,0,1701981773,174
3321e247,29.5391,-98.4842,0,7,1701981776,42
3321e56e,29.5279,-98.4703,0,0,1701981776,168
3321cc93,29.5292,-98.4719,0,0,1701981773,174
3321e247,29.5391,-98.4842,0,7,1701981776,42
3321e56e,29.5279,-98.4703,0,0,1701981776,168
3321cc93,29.5292,-98.4719,0,0,1701981779,174
3321e247,29.5392,-98.4841,0,6,1701981780,42
3321e56e,29.5279,-98.4703,0,0,1701981776,168
3321cc93,29.5292,-98.4719,0,0,1701981779,174
3321e247,29.5392,-98.4841,0,6,1701981780,42
3321e56e,29.5279,-98.4703,0,0,1701981776,168
3321cc93,29.5292,-98.4719,0,0,1701981779,174
3321e247,29.5392,-98.4841,0,6,1701981780,42
3321e56e,29.5279,-98.4703,0,0,1701981776,168
3321cc93,29.5292,-98.4719,0,0,1701981783,174
3321e247,29.5393,-98.484,0,7,1701981784,39
3321e56e,29.5279,-98.4703,0,0,1701981781,168
3321cc93,29.5292,-98.4719,0,0,1701981783,174
3321e247,29.5393,-98.484,0,7,1701981784,39
3321e56e,29.5279,-98.4703,0,0,1701981781,168
3321cc93,29.5292,-98.4719,0,0,1701981783,174
3321e247,29.5393,-98.484,0,7,1701981784,39
3321e56e,29.5279,-98.4703,0,0,1701981781,168
3321cc93,29.5292,-98.4719,0,0,1701981783,174
3321e247,29.5393,-98.484,0,7,1701981787,39
3321e56e,29.5279,-98.4703,0,0,1701981781,168
3321cc93,29.5292,-98.4719,0,0,1701981783,174
3321e247,29.5393,-98.484,0,7,1701981787,39
3321e56e,29.5279,-98.4703,0,0,1701981781,168
3321cc93,29.5292,-98.4719,0,0,1701981783,174
3321e247,29.5393,-98.484,0,7,1701981787,39
3321e56e,29.5279,-98.4703,0,0,1701981781,168
3321cc93,29.5292,-98.4719,0,0,1701981783,174
3321e247,29.5393,-98.484,0,7,1701981787,39
3321e56e,29.5279,-98.4703,0,0,1701981781,168
3321cc93,29.5292,-98.4719,0,0,1701981783,174
3321e247,29.5395,-98.4838,0,8,1701981793,36
3321e56e,29.5279,-98.4703,0,0,1701981791,168
3321cc93,29.5292,-98.4719,0,0,1701981783,174
3321e247,29.5395,-98.4838,0,8,1701981793,36
3321e56e,29.5279,-98.4703,0,0,1701981791,168
3321cc93,29.5292,-98.4719,0,0,1701981783,174
3321e247,29.5395,-98.4838,0,8,1701981793,36
3321e56e,29.5279,-98.4703,0,0,1701981791,168
3321cc93,29.5292,-98.4719,0,0,1701981783,174
3321e247,29.5397,-98.4837,0,8,1701981797,14
3321e56e,29.5279,-98.4704,0,0,1701981797,168
3321cc93,29.5292,-98.4719,0,0,1701981783,174
3321e247,29.5397,-98.4837,0,8,1701981797,14
3321e56e,29.5279,-98.4704,0,0,1701981797,168
3321cc93,29.5292,-98.4719,0,0,1701981783,174
3321e247,29.5397,-98.4837,0,8,1701981797,14
3321e56e,29.5279,-98.4704,0,0,1701981797,168
3321cc93,29.5292,-98.4719,0,0,1701981798,174
3321e247,29.5398,-98.4837,0,9,1701981799,354
3321e56e,29.5279,-98.4704,0,0,1701981797,168
3321cc93,29.5292,-98.4719,0,0,1701981798,174
3321e247,29.5398,-98.4837,0,9,1701981799,354
3321e56e,29.5279,-98.4704,0,0,1701981797,168
3321cc93,29.5292,-98.4719,0,0,1701981798,174
3321e247,29.5398,-98.4837,0,9,1701981799,354
3321e56e,29.5279,-98.4704,0,0,1701981797,168
3321cc93,29.5292,-98.4719,0,0,1701981803,174
3321e247,29.5399,-98.4838,0,10,1701981804,331
3321e56e,29.5279,-98.4704,0,0,1701981797,168
3321cc93,29.5292,-98.4719,0,0,1701981803,174
3321e247,29.5399,-98.4838,0,10,1701981804,331
3321e56e,29.5279,-98.4704,0,0,1701981797,168
3321cc93,29.5292,-98.4719,0,0,1701981803,174
3321e247,29.5399,-98.4838,0,10,1701981804,331
3321e56e,29.5279,-98.4704,0,0,1701981797,168
3321cc93,29.5292,-98.4719,0,0,1701981808,174
3321e247,29.54,-98.4839,0,8,1701981807,317
3321e56e,29.5279,-98.4703,0,0,1701981807,168
3321cc93,29.5292,-98.4719,0,0,1701981808,174
3321e247,29.54,-98.4839,0,8,1701981807,317
3321e56e,29.5279,-98.4703,0,0,1701981807,168
3321cc93,29.5292,-98.4719,0,0,1701981808,174
3321e247,29.54,-98.4839,0,8,1701981807,317
3321e56e,29.5279,-98.4703,0,0,1701981807,168
3321cc93,29.5292,-98.4719,0,0,1701981808,174
3321e247,29.54,-98.4839,0,8,1701981807,317
3321e56e,29.5279,-98.4703,0,0,1701981807,168
3321cc93,29.5292,-98.4719,0,0,1701981813,174
3321e247,29.5402,-98.4841,0,10,1701981813,312
3321e56e,29.5279,-98.4703,0,0,1701981812,168
3321cc93,29.5292,-98.4719,0,0,1701981813,174
3321e247,29.5402,-98.4841,0,10,1701981813,312
3321e56e,29.5279,-98.4703,0,0,1701981812,168
3321cc93,29.5292,-98.4719,0,0,1701981813,174
3321e247,29.5402,-98.4841,0,10,1701981813,312
3321e56e,29.5279,-98.4703,0,0,1701981812,168
3321cc93,29.5292,-98.4719,0,0,1701981813,174
3321e247,29.5403,-98.4843,0,10,1701981816,312
3321e56e,29.5279,-98.4703,0,0,1701981812,168
3321cc93,29.5292,-98.4719,0,0,1701981813,174
3321e247,29.5403,-98.4843,0,10,1701981816,312
3321e56e,29.5279,-98.4703,0,0,1701981812,168
3321cc93,29.5292,-98.4719,0,0,1701981813,174
3321e247,29.5403,-98.4843,0,10,1701981816,312
3321e56e,29.5279,-98.4703,0,0,1701981812,168
3321cc93,29.5292,-98.4719,0,0,1701981818,174
3321e247,29.5403,-98.4844,0,10,1701981819,312
3321e56e,29.5279,-98.4703,0,0,1701981817,168
3321cc93,29.5292,-98.4719,0,0,1701981818,174
3321e247,29.5403,-98.4844,0,10,1701981819,312
3321e56e,29.5279,-98.4703,0,0,1701981817,168
3321cc93,29.5292,-98.4719,0,0,1701981818,174
3321e247,29.5403,-98.4844,0,10,1701981819,312
3321e56e,29.5279,-98.4703,0,0,1701981817,168
3321cc93,29.5292,-98.4719,0,0,1701981823,174
3321e247,29.5405,-98.4846,0,9,1701981825,312
3321e56e,29.5279,-98.4703,0,0,1701981817,168
3321cc93,29.5292,-98.4719,0,0,1701981823,174
3321e247,29.5405,-98.4846,0,9,1701981825,312
3321e56e,29.5279,-98.4703,0,0,1701981817,168
3321cc93,29.5292,-98.4719,0,0,1701981823,174
3321e247,29.5405,-98.4846,0,9,1701981825,312
3321e56e,29.5279,-98.4703,0,0,1701981817,168
3321cc93,29.5292,-98.4719,0,0,1701981828,174
3321e247,29.5406,-98.4847,0,10,1701981829,312
3321e56e,29.5279,-98.4703,0,0,1701981826,168
3321cc93,29.5292,-98.4719,0,0,1701981828,174
3321e247,29.5406,-98.4847,0,10,1701981829,312
3321e56e,29.5279,-98.4703,0,0,1701981826,168
3321cc93,29.5292,-98.4719,0,0,1701981828,174
3321e247,29.5406,-98.4847,0,10,1701981829,312
3321e56e,29.5279,-98.4703,0,0,1701981826,168
3321cc93,29.5292,-98.4719,0,0,1701981828,174
3321e247,29.5408,-98.4849,0,10,1701981833,312
3321e56e,29.5279,-98.4703,0,0,1701981826,168
3321cc93,29.5292,-98.4719,0,0,1701981828,174
3321e247,29.5408,-98.4849,0,10,1701981833,312
3321e56e,29.5279,-98.4703,0,0,1701981826,168
3321cc93,29.5292,-98.4719,0,0,1701981828,174
3321e247,29.5408,-98.4849,0,10,1701981833,312
3321e56e,29.5279,-98.4703,0,0,1701981826,168
3321cc93,29.5292,-98.4719,0,0,1701981828,174
3321e247,29.5408,-98.4849,0,10,1701981833,312
3321e56e,29.5279,-98.4703,0,0,1701981826,168
3321cc93,29.5292,-98.4719,0,0,1701981833,174
3321e247,29.5408,-98.4849,0,10,1701981833,312
3321e56e,29.5279,-98.4703,0,0,1701981826,168
3321cc93,29.5292,-98.4719,0,0,1701981833,174
3321e247,29.5408,-98.4849,0,10,1701981833,312
3321e56e,29.5279,-98.4703,0,0,1701981826,168
3321cc93,29.5292,-98.4719,0,0,1701981833,174
3321e247,29.5408,-98.4849,0,10,1701981833,312
3321e56e,29.5279,-98.4703,0,0,1701981826,168
3321cc93,29.5292,-98.4719,0,0,1701981833,174
3321e247,29.5409,-98.4851,0,9,1701981837,309
3321e56e,29.5279,-98.4703,0,0,1701981826,168
3321cc93,29.5292,-98.4719,0,0,1701981833,174
3321e247,29.5409,-98.4851,0,9,1701981837,309
3321e56e,29.5279,-98.4703,0,0,1701981826,168
3321cc93,29.5292,-98.4719,0,0,1701981833,174
3321e247,29.5409,-98.4851,0,9,1701981837,309
3321e56e,29.5279,-98.4703,0,0,1701981826,168
3321cc93,29.5292,-98.4719,0,0,1701981844,174
3321e247,29.541,-98.4852,0,9,1701981841,306
3321e56e,29.5279,-98.4704,0,0,1701981841,168
3321cc93,29.5292,-98.4719,0,0,1701981844,174
3321e247,29.541,-98.4852,0,9,1701981841,306
3321e56e,29.5279,-98.4704,0,0,1701981841,168
3321cc93,29.5292,-98.4719,0,0,1701981844,174
3321e247,29.541,-98.4852,0,9,1701981841,306
3321e56e,29.5279,-98.4704,0,0,1701981841,168
3321cc93,29.5292,-98.4719,0,0,1701981849,174
3321e247,29.5411,-98.4855,0,8,1701981849,270
3321e56e,29.5279,-98.4703,0,0,1701981847,168
3321cc93,29.5292,-98.4719,0,0,1701981849,174
3321e247,29.5411,-98.4855,0,8,1701981849,270
3321e56e,29.5279,-98.4703,0,0,1701981847,168
3321cc93,29.5292,-98.4719,0,0,1701981849,174
3321e247,29.5411,-98.4855,0,8,1701981849,270
3321e56e,29.5279,-98.4703,0,0,1701981847,168
3321cc93,29.5292,-98.4719,0,0,1701981849,174
3321e247,29.5411,-98.4855,0,8,1701981849,270
3321e56e,29.5279,-98.4703,0,0,1701981847,168
3321cc93,29.5292,-98.4719,0,0,1701981849,174
3321e247,29.5411,-98.4855,0,8,1701981849,270
3321e56e,29.5279,-98.4703,0,0,1701981847,168
3321cc93,29.5292,-98.4719,0,0,1701981849,174
3321e247,29.5411,-98.4855,0,8,1701981849,270
3321e56e,29.5279,-98.4703,0,0,1701981847,168
3321cc93,29.5292,-98.4719,0,0,1701981854,174
3321e247,29.541,-98.4858,0,8,1701981854,267
3321e56e,29.5279,-98.4704,0,0,1701981857,168
3321cc93,29.5292,-98.4719,0,0,1701981854,174
3321e247,29.541,-98.4858,0,8,1701981854,267
3321e56e,29.5279,-98.4704,0,0,1701981857,168
3321cc93,29.5292,-98.4719,0,0,1701981854,174
3321e247,29.541,-98.4858,0,8,1701981854,267
3321e56e,29.5279,-98.4704,0,0,1701981857,168
3321cc93,29.5292,-98.4719,0,0,1701981854,174
3321e247,29.5411,-98.486,0,8,1701981860,286
3321e56e,29.5279,-98.4704,0,0,1701981857,168
3321cc93,29.5292,-98.4719,0,0,1701981854,174
3321e247,29.5411,-98.486,0,8,1701981860,286
3321e56e,29.5279,-98.4704,0,0,1701981857,168
3321cc93,29.5292,-98.4719,0,0,1701981854,174
3321e247,29.5411,-98.486,0,8,1701981860,286
3321e56e,29.5279,-98.4704,0,0,1701981857,168
3321cc93,29.5292,-98.4719,0,0,1701981854,174
3321e247,29.5411,-98.486,0,8,1701981860,286
3321e56e,29.5279,-98.4704,0,0,1701981857,168
3321cc93,29.5292,-98.4719,0,0,1701981863,174
3321e247,29.5412,-98.4862,0,7,1701981865,309
3321e56e,29.5279,-98.4704,0,0,1701981861,168
3321cc93,29.5292,-98.4719,0,0,1701981863,174
3321e247,29.5412,-98.4862,0,7,1701981865,309
3321e56e,29.5279,-98.4704,0,0,1701981861,168
3321cc93,29.5292,-98.4719,0,0,1701981863,174
3321e247,29.5412,-98.4862,0,7,1701981865,309
3321e56e,29.5279,-98.4704,0,0,1701981861,168
3321cc93,29.5292,-98.4719,0,0,1701981868,174
3321e247,29.5413,-98.4863,0,5,1701981868,309
3321e56e,29.5279,-98.4704,0,0,1701981861,168
3321cc93,29.5292,-98.4719,0,0,1701981868,174
3321e247,29.5413,-98.4863,0,5,1701981868,309
3321e56e,29.5279,-98.4704,0,0,1701981861,168
3321cc93,29.5292,-98.4719,0,0,1701981868,174
3321e247,29.5413,-98.4863,0,5,1701981868,309
3321e56e,29.5279,-98.4704,0,0,1701981861,168
3321cc93,29.5292,-98.4719,0,0,1701981873,174
3321e247,29.5413,-98.4863,0,1,1701981873,309
3321e56e,29.5279,-98.4703,0,0,1701981871,168
3321cc93,29.5292,-98.4719,0,0,1701981873,174
3321e247,29.5413,-98.4863,0,1,1701981873,309
3321e56e,29.5279,-98.4703,0,0,1701981871,168
3321cc93,29.5292,-98.4719,0,0,1701981873,174
3321e247,29.5413,-98.4863,0,1,1701981873,309
3321e56e,29.5279,-98.4703,0,0,1701981871,168
3321cc93,29.5292,-98.4719,0,0,1701981873,174
3321e247,29.5413,-98.4863,0,1,1701981877,309
3321e56e,29.5279,-98.4703,0,0,1701981876,168
3321cc93,29.5292,-98.4719,0,0,1701981873,174
3321e247,29.5413,-98.4863,0,1,1701981877,309
3321e56e,29.5279,-98.4703,0,0,1701981876,168
3321cc93,29.5292,-98.4719,0,0,1701981873,174
3321e247,29.5413,-98.4863,0,1,1701981877,309
3321e56e,29.5279,-98.4703,0,0,1701981876,168
3321cc93,29.5292,-98.4719,0,0,1701981878,174
3321e247,29.5413,-98.4863,0,1,1701981881,309
3321e56e,29.5279,-98.4703,0,0,1701981881,168
3321cc93,29.5292,-98.4719,0,0,1701981878,174
3321e247,29.5413,-98.4863,0,1,1701981881,309
3321e56e,29.5279,-98.4703,0,0,1701981881,168
3321cc93,29.5292,-98.4719,0,0,1701981878,174
3321e247,29.5413,-98.4863,0,1,1701981881,309
3321e56e,29.5279,-98.4703,0,0,1701981881,168
3321cc93,29.5292,-98.472,0,0,1701981883,174
3321e247,29.5413,-98.4863,0,1,1701981884,309
3321e56e,29.5279,-98.4703,0,0,1701981881,168
3321cc93,29.5292,-98.472,0,0,1701981883,174
3321e247,29.5413,-98.4863,0,1,1701981884,309
3321e56e,29.5279,-98.4703,0,0,1701981881,168
3321cc93,29.5292,-98.472,0,0,1701981883,174
3321e247,29.5413,-98.4863,0,1,1701981884,309
3321e56e,29.5279,-98.4703,0,0,1701981881,168
3321cc93,29.5292,-98.472,0,0,1701981883,174
3321e247,29.5413,-98.4863,0,1,1701981884,309
3321e56e,29.5279,-98.4703,0,0,1701981881,168
3321cc93,29.5292,-98.4719,0,0,1701981888,174
3321e247,29.5413,-98.4863,0,1,1701981888,309
3321e56e,29.5279,-98.4703,0,0,1701981886,168
3321cc93,29.5292,-98.4719,0,0,1701981888,174
3321e247,29.5413,-98.4863,0,1,1701981888,309
3321e56e,29.5279,-98.4703,0,0,1701981886,168
3321cc93,29.5292,-98.4719,0,0,1701981888,174
3321e247,29.5413,-98.4863,0,1,1701981888,309
3321e56e,29.5279,-98.4703,0,0,1701981886,168
3321cc93,29.5292,-98.4719,0,0,1701981888,174
3321e247,29.5413,-98.4863,0,1,1701981892,309
3321e56e,29.5279,-98.4703,0,0,1701981891,168
3321cc93,29.5292,-98.4719,0,0,1701981888,174
3321e247,29.5413,-98.4863,0,1,1701981892,309
3321e56e,29.5279,-98.4703,0,0,1701981891,168
3321cc93,29.5292,-98.4719,0,0,1701981888,174
3321e247,29.5413,-98.4863,0,1,1701981892,309
3321e56e,29.5279,-98.4703,0,0,1701981891,168
3321cc93,29.5292,-98.4719,0,0,1701981888,174
3321e247,29.5413,-98.4863,0,1,1701981897,309
3321e56e,29.5279,-98.4704,0,0,1701981896,168
3321cc93,29.5292,-98.4719,0,0,1701981888,174
3321e247,29.5413,-98.4863,0,1,1701981897,309
3321e56e,29.5279,-98.4704,0,0,1701981896,168
3321cc93,29.5292,-98.4719,0,0,1701981888,174
3321e247,29.5413,-98.4863,0,1,1701981897,309
3321e56e,29.5279,-98.4704,0,0,1701981896,168
3321cc93,29.5293,-98.472,0,0,1701981898,177
3321e247,29.5413,-98.4863,0,1,1701981898,309
3321e56e,29.5279,-98.4704,0,0,1701981896,168
3321cc93,29.5293,-98.472,0,0,1701981898,177
3321e247,29.5413,-98.4863,0,1,1701981898,309
3321e56e,29.5279,-98.4704,0,0,1701981896,168
3321cc93,29.5293,-98.472,0,0,1701981898,177
3321e247,29.5413,-98.4863,0,1,1701981898,309
3321e56e,29.5279,-98.4704,0,0,1701981896,168
3321cc93,29.5293,-98.472,0,0,1701981898,177
3321e247,29.5413,-98.4863,0,1,1701981902,309
3321e56e,29.528,-98.4704,0,2,1701981904,168
3321cc93,29.5293,-98.472,0,0,1701981898,177
3321e247,29.5413,-98.4863,0,1,1701981902,309
3321e56e,29.528,-98.4704,0,2,1701981904,168
3321cc93,29.5293,-98.472,0,0,1701981898,177
3321e247,29.5413,-98.4863,0,1,1701981902,309
3321e56e,29.528,-98.4704,0,2,1701981904,168
3321cc93,29.5293,-98.472,0,0,1701981898,177
3321e247,29.5413,-98.4863,0,1,1701981902,309
3321e56e,29.528,-98.4704,0,2,1701981904,168
3321cc93,29.5294,-98.472,0,1,1701981909,182
3321e247,29.5413,-98.4863,0,1,1701981907,309
3321e56e,29.528,-98.4704,0,2,1701981908,168
3321cc93,29.5294,-98.472,0,1,1701981909,182
3321e247,29.5413,-98.4863,0,1,1701981907,309
3321e56e,29.528,-98.4704,0,2,1701981908,168
3321cc93,29.5294,-98.472,0,1,1701981909,182
3321e247,29.5413,-98.4863,0,1,1701981907,309
3321e56e,29.528,-98.4704,0,2,1701981908,168
3321cc93,29.5294,-98.472,0,2,1701981912,188
3321e247,29.5413,-98.4863,0,1,1701981912,309
3321e56e,29.528,-98.4704,0,2,1701981912,163
3321cc93,29.5294,-98.472,0,2,1701981912,188
3321e247,29.5413,-98.4863,0,1,1701981912,309
3321e56e,29.528,-98.4704,0,2,1701981912,163
3321cc93,29.5294,-98.472,0,2,1701981912,188
3321e247,29.5413,-98.4863,0,1,1701981912,309
3321e56e,29.528,-98.4704,0,2,1701981912,163
3321cc93,29.5294,-98.472,0,2,1701981916,194
3321e247,29.5413,-98.4863,0,1,1701981912,309
3321e56e,29.5281,-98.4704,0,2,1701981916,154
3321cc93,29.5294,-98.472,0,2,1701981916,194
3321e247,29.5413,-98.4863,0,1,1701981912,309
3321e56e,29.5281,-98.4704,0,2,1701981916,154
3321cc93,29.5294,-98.472,0,2,1701981916,194
3321e247,29.5413,-98.4863,0,1,1701981912,309
3321e56e,29.5281,-98.4704,0,2,1701981916,154
3321cc93,29.5295,-98.472,0,2,1701981921,202
3321e247,29.5413,-98.4863,0,1,1701981918,309
3321e56e,29.5281,-98.4704,0,2,1701981920,146
3321cc93,29.5295,-98.472,0,2,1701981921,202
3321e247,29.5413,-98.4863,0,1,1701981918,309
3321e56e,29.5281,-98.4704,0,2,1701981920,146
3321cc93,29.5295,-98.472,0,2,1701981921,202
3321e247,29.5413,-98.4863,0,1,1701981918,309
3321e56e,29.5281,-98.4704,0,2,1701981920,146
3321cc93,29.5295,-98.472,0,2,1701981921,202
3321e247,29.5413,-98.4863,0,1,1701981918,309
3321e56e,29.5281,-98.4704,0,2,1701981920,146
3321cc93,29.5295,-98.472,0,2,1701981924,208
3321e247,29.5413,-98.4863,0,1,1701981918,309
3321e56e,29.5282,-98.4704,0,2,1701981925,140
3321cc93,29.5295,-98.472,0,2,1701981924,208
3321e247,29.5413,-98.4863,0,1,1701981918,309
3321e56e,29.5282,-98.4704,0,2,1701981925,140
3321cc93,29.5295,-98.472,0,2,1701981924,208
3321e247,29.5413,-98.4863,0,1,1701981918,309
3321e56e,29.5282,-98.4704,0,2,1701981925,140
3321cc93,29.5295,-98.472,0,2,1701981929,216
3321e247,29.5413,-98.4863,0,1,1701981918,309
3321e56e,29.5282,-98.4704,0,2,1701981928,129
3321cc93,29.5295,-98.472,0,2,1701981929,216
3321e247,29.5413,-98.4863,0,1,1701981918,309
3321e56e,29.5282,-98.4704,0,2,1701981928,129
3321cc93,29.5295,-98.472,0,2,1701981929,216
3321e247,29.5413,-98.4863,0,1,1701981918,309
3321e56e,29.5282,-98.4704,0,2,1701981928,129
3321cc93,29.5296,-98.4719,0,2,1701981932,225
3321e247,29.5413,-98.4863,0,1,1701981918,309
3321e56e,29.5283,-98.4704,0,2,1701981932,112
3321cc93,29.5296,-98.4719,0,2,1701981932,225
3321e247,29.5413,-98.4863,0,1,1701981918,309
3321e56e,29.5283,-98.4704,0,2,1701981932,112
3321cc93,29.5296,-98.4719,0,2,1701981932,225
3321e247,29.5413,-98.4863,0,1,1701981918,309
3321e56e,29.5283,-98.4704,0,2,1701981932,112
3321cc93,29.5296,-98.4719,0,1,1701981936,236
3321e247,29.5413,-98.4863,0,0,1701981933,309
3321e56e,29.5283,-98.4704,0,2,1701981937,98
3321cc93,29.5296,-98.4719,0,1,1701981936,236
3321e247,29.5413,-98.4863,0,0,1701981933,309
3321e56e,29.5283,-98.4704,0,2,1701981937,98
3321cc93,29.5296,-98.4719,0,1,1701981936,236
3321e247,29.5413,-98.4863,0,0,1701981933,309
3321e56e,29.5283,-98.4704,0,2,1701981937,98
3321cc93,29.5297,-98.4719,0,2,1701981941,244
3321e247,29.5413,-98.4863,0,0,1701981938,309
3321e56e,29.5283,-98.4704,0,2,1701981940,87
3321cc93,29.5297,-98.4719,0,2,1701981941,244
3321e247,29.5413,-98.4863,0,0,1701981938,309
3321e56e,29.5283,-98.4704,0,2,1701981940,87
3321cc93,29.5297,-98.4719,0,2,1701981941,244
3321e247,29.5413,-98.4863,0,0,1701981938,309
3321e56e,29.5283,-98.4704,0,2,1701981940,87
3321cc93,29.5297,-98.4719,0,2,1701981941,244
3321e247,29.5413,-98.4863,0,0,1701981938,309
3321e56e,29.5283,-98.4704,0,2,1701981940,87
3321cc93,29.5297,-98.4719,0,1,1701981945,255
3321e247,29.5413,-98.4863,0,1,1701981942,309
3321e56e,29.5283,-98.4705,0,1,1701981945,73
3321cc93,29.5297,-98.4719,0,1,1701981945,255
3321e247,29.5413,-98.4863,0,1,1701981942,309
3321e56e,29.5283,-98.4705,0,1,1701981945,73
3321cc93,29.5297,-98.4719,0,1,1701981945,255
3321e247,29.5413,-98.4863,0,1,1701981942,309
3321e56e,29.5283,-98.4705,0,1,1701981945,73
3321cc93,29.5297,-98.4718,0,1,1701981949,267
3321e247,29.5413,-98.4863,0,1,1701981948,309
3321e56e,29.5284,-98.4705,0,2,1701981948,67
3321cc93,29.5297,-98.4718,0,1,1701981949,267
3321e247,29.5413,-98.4863,0,1,1701981948,309
3321e56e,29.5284,-98.4705,0,2,1701981948,67
3321cc93,29.5297,-98.4718,0,1,1701981949,267
3321e247,29.5413,-98.4863,0,1,1701981948,309
3321e56e,29.5284,-98.4705,0,2,1701981948,67
3321cc93,29.5297,-98.4718,0,1,1701981953,278
3321e247,29.5413,-98.4863,0,1,1701981953,309
3321e56e,29.5284,-98.4705,0,1,1701981953,59
3321cc93,29.5297,-98.4718,0,1,1701981953,278
3321e247,29.5413,-98.4863,0,1,1701981953,309
3321e56e,29.5284,-98.4705,0,1,1701981953,59
3321cc93,29.5297,-98.4718,0,1,1701981953,278
3321e247,29.5413,-98.4863,0,1,1701981953,309
3321e56e,29.5284,-98.4705,0,1,1701981953,59
3321cc93,29.5297,-98.4718,0,1,1701981957,289
3321e247,29.5413,-98.4863,0,1,1701981953,309
3321e56e,29.5283,-98.4706,0,2,1701981957,56
3321cc93,29.5297,-98.4718,0,1,1701981957,289
3321e247,29.5413,-98.4863,0,1,1701981953,309
3321e56e,29.5283,-98.4706,0,2,1701981957,56
3321cc93,29.5297,-98.4718,0,1,1701981957,289
3321e247,29.5413,-98.4863,0,1,1701981953,309
3321e56e,29.5283,-98.4706,0,2,1701981957,56
3321cc93,29.5297,-98.4718,0,1,1701981961,298
3321e247,29.5413,-98.4863,0,1,1701981953,309
3321e56e,29.5283,-98.4706,0,2,1701981961,56
3321cc93,29.5297,-98.4718,0,1,1701981961,298
3321e247,29.5413,-98.4863,0,1,1701981953,309
3321e56e,29.5283,-98.4706,0,2,1701981961,56
3321cc93,29.5297,-98.4718,0,1,1701981961,298
3321e247,29.5413,-98.4863,0,1,1701981953,309
3321e56e,29.5283,-98.4706,0,2,1701981961,56
3321cc93,29.5297,-98.4717,0,1,1701981965,306
3321e247,29.5413,-98.4863,0,1,1701981953,309
3321e56e,29.5283,-98.4707,0,2,1701981965,53
3321cc93,29.5297,-98.4717,0,1,1701981965,306
3321e247,29.5413,-98.4863,0,1,1701981953,309
3321e56e,29.5283,-98.4707,0,2,1701981965,53
3321cc93,29.5297,-98.4717,0,1,1701981965,306
3321e247,29.5413,-98.4863,0,1,1701981953,309
3321e56e,29.5283,-98.4707,0,2,1701981965,53
3321cc93,29.5297,-98.4717,0,1,1701981965,306
3321e247,29.5413,-98.4863,0,1,1701981953,309
3321e56e,29.5283,-98.4707,0,2,1701981965,53
3321cc93,29.5297,-98.4717,0,1,1701981969,315
3321e247,29.5413,-98.4863,0,0,1701981967,309
3321e56e,29.5283,-98.4707,0,2,1701981969,56
3321cc93,29.5297,-98.4717,0,1,1701981969,315
3321e247,29.5413,-98.4863,0,0,1701981967,309
3321e56e,29.5283,-98.4707,0,2,1701981969,56
3321cc93,29.5297,-98.4717,0,1,1701981969,315
3321e247,29.5413,-98.4863,0,0,1701981967,309
3321e56e,29.5283,-98.4707,0,2,1701981969,56
3321cc93,29.5297,-98.4717,0,1,1701981972,315
3321e247,29.5413,-98.4863,0,0,1701981972,309
3321e56e,29.5283,-98.4707,0,1,1701981972,59
3321cc93,29.5297,-98.4717,0,1,1701981972,315
3321e247,29.5413,-98.4863,0,0,1701981972,309
3321e56e,29.5283,-98.4707,0,1,1701981972,59
3321cc93,29.5297,-98.4717,0,1,1701981972,315
3321e247,29.5413,-98.4863,0,0,1701981972,309
3321e56e,29.5283,-98.4707,0,1,1701981972,59
3321cc93,29.5297,-98.4717,0,1,1701981977,315
3321e247,29.5413,-98.4863,0,0,1701981972,309
3321e56e,29.5283,-98.4707,0,2,1701981976,56
3321cc93,29.5297,-98.4717,0,1,1701981977,315
3321e247,29.5413,-98.4863,0,0,1701981972,309
3321e56e,29.5283,-98.4707,0,2,1701981976,56
3321cc93,29.5297,-98.4717,0,1,1701981977,315
3321e247,29.5413,-98.4863,0,0,1701981972,309
3321e56e,29.5283,-98.4707,0,2,1701981976,56
3321cc93,29.5297,-98.4717,0,1,1701981980,315
3321e247,29.5413,-98.4863,0,0,1701981977,309
3321e56e,29.5282,-98.4708,0,2,1701981980,53
3321cc93,29.5297,-98.4717,0,1,1701981980,315
3321e247,29.5413,-98.4863,0,0,1701981977,309
3321e56e,29.5282,-98.4708,0,2,1701981980,53
3321cc93,29.5297,-98.4717,0,1,1701981980,315
3321e247,29.5413,-98.4863,0,0,1701981977,309
3321e56e,29.5282,-98.4708,0,2,1701981980,53
3321cc93,29.5297,-98.4717,0,1,1701981984,315
3321e247,29.5413,-98.4863,0,0,1701981983,309
3321e56e,29.5282,-98.4708,0,2,1701981983,50
3321cc93,29.5297,-98.4717,0,1,1701981984,315
3321e247,29.5413,-98.4863,0,0,1701981983,309
3321e56e,29.5282,-98.4708,0,2,1701981983,50
3321cc93,29.5297,-98.4717,0,1,1701981984,315
3321e247,29.5413,-98.4863,0,0,1701981983,309
3321e56e,29.5282,-98.4708,0,2,1701981983,50
3321cc93,29.5297,-98.4717,0,1,1701981989,315
3321e247,29.5413,-98.4863,0,0,1701981988,309
3321e56e,29.5282,-98.4708,0,2,1701981989,50
3321cc93,29.5297,-98.4717,0,1,1701981989,315
3321e247,29.5413,-98.4863,0,0,1701981988,309
3321e56e,29.5282,-98.4708,0,2,1701981989,50
3321cc93,29.5297,-98.4717,0,1,1701981989,315
3321e247,29.5413,-98.4863,0,0,1701981988,309
3321e56e,29.5282,-98.4708,0,2,1701981989,50
3321cc93,29.5297,-98.4717,0,1,1701981989,315
3321e247,29.5413,-98.4863,0,0,1701981988,309
3321e56e,29.5282,-98.4708,0,2,1701981989,50
3321cc93,29.5297,-98.4717,0,1,1701981992,315
3321e247,29.5413,-98.4863,0,0,1701981988,309
3321e56e,29.5282,-98.4709,0,1,1701981992,47
3321e865,29.5271,-98.4702,0,0,1701981991,323
3321cc93,29.5297,-98.4717,0,1,1701981992,315
3321e247,29.5413,-98.4863,0,0,1701981988,309
3321e56e,29.5282,-98.4709,0,1,1701981992,47
3321e865,29.5271,-98.4702,0,0,1701981991,323
3321cc93,29.5297,-98.4717,0,1,1701981992,315
3321e247,29.5413,-98.4863,0,0,1701981988,309
3321e56e,29.5282,-98.4709,0,1,1701981992,47
3321e865,29.5271,-98.4702,0,0,1701981991,323
3321cc93,29.5297,-98.4717,0,0,1701981997,315
3321e247,29.5413,-98.4863,0,0,1701981988,309
3321e56e,29.5282,-98.4709,0,1,1701981997,45
3321e865,29.5271,-98.4702,0,0,1701981991,323
3321cc93,29.5297,-98.4717,0,0,1701981997,315
3321e247,29.5413,-98.4863,0,0,1701981988,309
3321e56e,29.5282,-98.4709,0,1,1701981997,45
3321e865,29.5271,-98.4702,0,0,1701981991,323
3321cc93,29.5297,-98.4717,0,0,1701981997,315
3321e247,29.5413,-98.4863,0,0,1701981988,309
3321e56e,29.5282,-98.4709,0,1,1701981997,45
3321e865,29.5271,-98.4702,0,0,1701981991,323
3321cc93,29.5297,-98.4717,0,1,1701982001,315
3321e247,29.5413,-98.4863,0,0,1701981998,309
3321e56e,29.5281,-98.4709,0,1,1701981998,45
3321e865,29.5271,-98.4702,0,0,1701981991,323
3321cc93,29.5297,-98.4717,0,1,1701982001,315
3321e247,29.5413,-98.4863,0,0,1701981998,309
3321e56e,29.5281,-98.4709,0,1,1701981998,45
3321e865,29.5271,-98.4702,0,0,1701981991,323
3321cc93,29.5297,-98.4717,0,1,1701982001,315
3321e247,29.5413,-98.4863,0,0,1701981998,309
3321e56e,29.5281,-98.4709,0,1,1701981998,45
3321e865,29.5271,-98.4702,0,0,1701981991,323
3321cc93,29.5297,-98.4717,0,0,1701982005,315
3321e247,29.5413,-98.4863,0,0,1701982002,309
3321e56e,29.5281,-98.471,0,1,1701982004,42
3321e865,29.5271,-98.4702,0,0,1701981991,323
3321cc93,29.5297,-98.4717,0,0,1701982005,315
3321e247,29.5413,-98.4863,0,0,1701982002,309
3321e56e,29.5281,-98.471,0,1,1701982004,42
3321e865,29.5271,-98.4702,0,0,1701981991,323
3321cc93,29.5297,-98.4717,0,0,1701982005,315
3321e247,29.5413,-98.4863,0,0,1701982002,309
3321e56e,29.5281,-98.471,0,1,1701982004,42
3321e865,29.5271,-98.4702,0,0,1701981991,323
3321cc93,29.5297,-98.4717,0,0,1701982008,315
3321e247,29.5413,-98.4863,0,0,1701982002,309
3321e56e,29.5281,-98.471,0,1,1701982009,42
3321e865,29.5271,-98.4702,0,0,1701982006,323
3321cc93,29.5297,-98.4717,0,0,1701982008,315
3321e247,29.5413,-98.4863,0,0,1701982002,309
3321e56e,29.5281,-98.471,0,1,1701982009,42
3321e865,29.5271,-98.4702,0,0,1701982006,323
3321cc93,29.5297,-98.4717,0,0,1701982008,315
3321e247,29.5413,-98.4863,0,0,1701982002,309
3321e56e,29.5281,-98.471,0,1,1701982009,42
3321e865,29.5271,-98.4702,0,0,1701982006,323
3321cc93,29.5297,-98.4717,0,0,1701982008,315
3321e247,29.5413,-98.4863,0,0,1701982002,309
3321e56e,29.5281,-98.471,0,1,1701982009,42
3321e865,29.5271,-98.4702,0,0,1701982006,323
3321cc93,29.5297,-98.4717,0,0,1701982009,315
3321e247,29.5413,-98.4863,0,0,1701982012,309
3321e56e,29.5281,-98.471,0,1,1701982013,42
3321e865,29.5271,-98.4702,0,0,1701982006,323
3321cc93,29.5297,-98.4717,0,0,1701982009,315
3321e247,29.5413,-98.4863,0,0,1701982012,309
3321e56e,29.5281,-98.471,0,1,1701982013,42
3321e865,29.5271,-98.4702,0,0,1701982006,323
3321cc93,29.5297,-98.4717,0,0,1701982009,315
3321e247,29.5413,-98.4863,0,0,1701982012,309
3321e56e,29.5281,-98.471,0,1,1701982013,42
3321e865,29.5271,-98.4702,0,0,1701982006,323
3321cc93,29.5297,-98.4717,0,0,1701982014,315
3321e247,29.5413,-98.4863,0,0,1701982012,309
3321e56e,29.5281,-98.471,0,0,1701982016,42
3321e865,29.5271,-98.4702,0,0,1701982016,323
3321cc93,29.5297,-98.4717,0,0,1701982014,315
3321e247,29.5413,-98.4863,0,0,1701982012,309
3321e56e,29.5281,-98.471,0,0,1701982016,42
3321e865,29.5271,-98.4702,0,0,1701982016,323
3321cc93,29.5297,-98.4717,0,0,1701982014,315
3321e247,29.5413,-98.4863,0,0,1701982012,309
3321e56e,29.5281,-98.471,0,0,1701982016,42
3321e865,29.5271,-98.4702,0,0,1701982016,323
3321cc93,29.5297,-98.4717,0,0,1701982019,315
3321e247,29.5413,-98.4863,0,0,1701982012,309
3321e56e,29.5281,-98.471,0,0,1701982016,42
3321e865,29.5271,-98.4702,0,0,1701982016,323
3321cc93,29.5297,-98.4717,0,0,1701982019,315
3321e247,29.5413,-98.4863,0,0,1701982012,309
3321e56e,29.5281,-98.471,0,0,1701982016,42
3321e865,29.5271,-98.4702,0,0,1701982016,323
3321cc93,29.5297,-98.4717,0,0,1701982019,315
3321e247,29.5413,-98.4863,0,0,1701982012,309
3321e56e,29.5281,-98.471,0,0,1701982016,42
3321e865,29.5271,-98.4702,0,0,1701982016,323
3321cc93,29.5297,-98.4717,0,0,1701982024,315
3321e247,29.5413,-98.4863,0,0,1701982022,309
3321e56e,29.5281,-98.471,0,0,1701982016,42
3321e865,29.5271,-98.4702,0,0,1701982016,323
3321cc93,29.5297,-98.4717,0,0,1701982024,315
3321e247,29.5413,-98.4863,0,0,1701982022,309
3321e56e,29.5281,-98.471,0,0,1701982016,42
3321e865,29.5271,-98.4702,0,0,1701982016,323
3321cc93,29.5297,-98.4717,0,0,1701982024,315
3321e247,29.5413,-98.4863,0,0,1701982022,309
3321e56e,29.5281,-98.471,0,0,1701982016,42
3321e865,29.5271,-98.4702,0,0,1701982016,323
3321cc93,29.5297,-98.4717,0,0,1701982024,315
3321e247,29.5413,-98.4863,0,0,1701982028,309
3321e56e,29.5281,-98.471,0,0,1701982016,42
3321e865,29.5271,-98.4702,0,0,1701982026,323
3321cc93,29.5297,-98.4717,0,0,1701982024,315
3321e247,29.5413,-98.4863,0,0,1701982028,309
3321e56e,29.5281,-98.471,0,0,1701982016,42
3321e865,29.5271,-98.4702,0,0,1701982026,323
3321cc93,29.5297,-98.4717,0,0,1701982024,315
3321e247,29.5413,-98.4863,0,0,1701982028,309
3321e56e,29.5281,-98.471,0,0,1701982016,42
3321e865,29.5271,-98.4702,0,0,1701982026,323
3321cc93,29.5297,-98.4717,0,0,1701982024,315
3321e247,29.5413,-98.4863,0,0,1701982028,309
3321e56e,29.5281,-98.471,0,0,1701982016,42
3321e865,29.5271,-98.4702,0,0,1701982026,323
3321cc93,29.5297,-98.4717,0,0,1701982029,315
3321e247,29.5413,-98.4863,0,0,1701982032,309
3321e56e,29.5281,-98.471,0,0,1701982016,42
3321e865,29.5271,-98.4702,0,0,1701982031,323
3321cc93,29.5297,-98.4717,0,0,1701982029,315
3321e247,29.5413,-98.4863,0,0,1701982032,309
3321e56e,29.5281,-98.471,0,0,1701982016,42
3321e865,29.5271,-98.4702,0,0,1701982031,323
3321cc93,29.5297,-98.4717,0,0,1701982029,315
3321e247,29.5413,-98.4863,0,0,1701982032,309
3321e56e,29.5281,-98.471,0,0,1701982016,42
3321e865,29.5271,-98.4702,0,0,1701982031,323
3321cc93,29.5297,-98.4717,0,0,1701982034,315
3321e247,29.5413,-98.4863,0,0,1701982032,309
3321e56e,29.5281,-98.471,0,0,1701982016,42
3321e865,29.5271,-98.4702,0,0,1701982031,323
3321cc93,29.5297,-98.4717,0,0,1701982034,315
3321e247,29.5413,-98.4863,0,0,1701982032,309
3321e56e,29.5281,-98.471,0,0,1701982016,42
3321e865,29.5271,-98.4702,0,0,1701982031,323
3321cc93,29.5297,-98.4717,0,0,1701982034,315
3321e247,29.5413,-98.4863,0,0,1701982032,309
3321e56e,29.5281,-98.471,0,0,1701982016,42
3321e865,29.5271,-98.4702,0,0,1701982031,323
3321cc93,29.5297,-98.4717,0,0,1701982040,315
3321e247,29.5413,-98.4863,0,0,1701982038,309
3321e56e,29.5281,-98.471,0,0,1701982016,42
3321e865,29.5271,-98.4702,0,0,1701982031,323
3321cc93,29.5297,-98.4717,0,0,1701982040,315
3321e247,29.5413,-98.4863,0,0,1701982038,309
3321e56e,29.5281,-98.471,0,0,1701982016,42
3321e865,29.5271,-98.4702,0,0,1701982031,323
3321cc93,29.5297,-98.4717,0,0,1701982040,315
3321e247,29.5413,-98.4863,0,0,1701982038,309
3321e56e,29.5281,-98.471,0,0,1701982016,42
3321e865,29.5271,-98.4702,0,0,1701982031,323
3321cc93,29.5297,-98.4717,0,0,1701982040,315
3321e247,29.5413,-98.4863,0,0,1701982038,309
3321e56e,29.5281,-98.471,0,0,1701982016,42
3321e865,29.5271,-98.4702,0,0,1701982041,323
3321cc93,29.5297,-98.4717,0,0,1701982040,315
3321e247,29.5413,-98.4863,0,0,1701982038,309
3321e56e,29.5281,-98.471,0,0,1701982016,42
3321e865,29.5271,-98.4702,0,0,1701982041,323
3321cc93,29.5297,-98.4717,0,0,1701982040,315
3321e247,29.5413,-98.4863,0,0,1701982038,309
3321e56e,29.5281,-98.471,0,0,1701982016,42
3321e865,29.5271,-98.4702,0,0,1701982041,323
3321cc93,29.5297,-98.4717,0,0,1701982045,315
3321e247,29.5413,-98.4863,0,0,1701982047,309
3321e56e,29.5281,-98.471,0,0,1701982016,42
3321e865,29.5271,-98.4702,0,0,1701982046,323
3321cc93,29.5297,-98.4717,0,0,1701982045,315
3321e247,29.5413,-98.4863,0,0,1701982047,309
3321e56e,29.5281,-98.471,0,0,1701982016,42
3321e865,29.5271,-98.4702,0,0,1701982046,323
3321cc93,29.5297,-98.4717,0,0,1701982045,315
3321e247,29.5413,-98.4863,0,0,1701982047,309
3321e56e,29.5281,-98.471,0,0,1701982016,42
3321e865,29.5271,-98.4702,0,0,1701982046,323
3321cc93,29.5297,-98.4717,0,0,1701982045,315
3321e247,29.5413,-98.4863,0,0,1701982047,309
3321e56e,29.5281,-98.471,0,0,1701982016,42
3321e865,29.5271,-98.4702,0,0,1701982046,323
3321cc93,29.5297,-98.4717,0,0,1701982050,315
3321e247,29.5413,-98.4863,0,0,1701982052,309
3321e56e,29.5281,-98.471,0,0,1701982016,42
3321e865,29.5271,-98.4702,0,0,1701982046,323
3321cc93,29.5297,-98.4717,0,0,1701982050,315
3321e247,29.5413,-98.4863,0,0,1701982052,309
3321e56e,29.5281,-98.471,0,0,1701982016,42
3321e865,29.5271,-98.4702,0,0,1701982046,323
3321cc93,29.5297,-98.4717,0,0,1701982050,315
3321e247,29.5413,-98.4863,0,0,1701982052,309
3321e56e,29.5281,-98.471,0,0,1701982016,42
3321e865,29.5271,-98.4702,0,0,1701982046,323
3321cc93,29.5297,-98.4717,0,0,1701982055,315
3321e247,29.5413,-98.4863,0,0,1701982052,309
3321e56e,29.5281,-98.471,0,0,1701982016,42
3321e865,29.5271,-98.4702,0,0,1701982056,323
3321cc93,29.5297,-98.4717,0,0,1701982055,315
3321e247,29.5413,-98.4863,0,0,1701982052,309
3321e56e,29.5281,-98.471,0,0,1701982016,42
3321e865,29.5271,-98.4702,0,0,1701982056,323
3321cc93,29.5297,-98.4717,0,0,1701982055,315
3321e247,29.5413,-98.4863,0,0,1701982052,309
3321e56e,29.5281,-98.471,0,0,1701982016,42
3321e865,29.5271,-98.4702,0,0,1701982056,323
3321cc93,29.5297,-98.4717,0,0,1701982060,315
3321e247,29.5413,-98.4863,0,0,1701982057,309
3321e56e,29.5281,-98.471,0,0,1701982016,42
3321e865,29.5271,-98.4702,0,0,1701982056,323
3321cc93,29.5297,-98.4717,0,0,1701982060,315
3321e247,29.5413,-98.4863,0,0,1701982057,309
3321e56e,29.5281,-98.471,0,0,1701982016,42
3321e865,29.5271,-98.4702,0,0,1701982056,323
3321cc93,29.5297,-98.4717,0,0,1701982060,315
3321e247,29.5413,-98.4863,0,0,1701982057,309
3321e56e,29.5281,-98.471,0,0,1701982016,42
3321e865,29.5271,-98.4702,0,0,1701982056,323
3321cc93,29.5297,-98.4717,0,0,1701982064,315
3321e247,29.5413,-98.4863,0,0,1701982057,309
3321e56e,29.5281,-98.471,0,0,1701982016,42
3321e865,29.5271,-98.4702,0,0,1701982056,323
3321cc93,29.5297,-98.4717,0,0,1701982064,315
3321e247,29.5413,-98.4863,0,0,1701982057,309
3321e56e,29.5281,-98.471,0,0,1701982016,42
3321e865,29.5271,-98.4702,0,0,1701982056,323
3321cc93,29.5297,-98.4717,0,0,1701982064,315
3321e247,29.5413,-98.4863,0,0,1701982057,309
3321e56e,29.5281,-98.471,0,0,1701982016,42
3321e865,29.5271,-98.4702,0,0,1701982056,323
3321cc93,29.5297,-98.4717,0,0,1701982064,315
3321e247,29.5413,-98.4863,0,0,1701982057,309
3321e56e,29.5281,-98.471,0,0,1701982016,42
3321e865,29.5271,-98.4702,0,0,1701982056,323
3321cc93,29.5297,-98.4717,0,0,1701982064,315
3321e247,29.5413,-98.4863,0,0,1701982067,309
3321e56e,29.5281,-98.471,0,0,1701982067,42
3321e865,29.5271,-98.4702,0,0,1701982066,323
3321cc93,29.5297,-98.4717,0,0,1701982064,315
3321e247,29.5413,-98.4863,0,0,1701982067,309
3321e56e,29.5281,-98.471,0,0,1701982067,42
3321e865,29.5271,-98.4702,0,0,1701982066,323
3321cc93,29.5297,-98.4717,0,0,1701982064,315
3321e247,29.5413,-98.4863,0,0,1701982067,309
3321e56e,29.5281,-98.471,0,0,1701982067,42
3321e865,29.5271,-98.4702,0,0,1701982066,323
3321cc93,29.5297,-98.4717,0,0,1701982069,315
3321e247,29.5413,-98.4863,0,0,1701982067,309
3321e56e,29.5281,-98.471,0,0,1701982067,42
3321e865,29.5271,-98.4702,0,0,1701982071,323
3321cc93,29.5297,-98.4717,0,0,1701982069,315
3321e247,29.5413,-98.4863,0,0,1701982067,309
3321e56e,29.5281,-98.471,0,0,1701982067,42
3321e865,29.5271,-98.4702,0,0,1701982071,323
3321cc93,29.5297,-98.4717,0,0,1701982069,315
3321e247,29.5413,-98.4863,0,0,1701982067,309
3321e56e,29.5281,-98.471,0,0,1701982067,42
3321e865,29.5271,-98.4702,0,0,1701982071,323
3321cc93,29.5297,-98.4717,0,0,1701982074,315
3321e247,29.5413,-98.4863,0,0,1701982067,309
3321e56e,29.5281,-98.471,0,0,1701982067,42
3321e865,29.527,-98.4702,0,0,1701982077,323
3321cc93,29.5297,-98.4717,0,0,1701982074,315
3321e247,29.5413,-98.4863,0,0,1701982067,309
3321e56e,29.5281,-98.471,0,0,1701982067,42
3321e865,29.527,-98.4702,0,0,1701982077,323
3321cc93,29.5297,-98.4717,0,0,1701982074,315
3321e247,29.5413,-98.4863,0,0,1701982067,309
3321e56e,29.5281,-98.471,0,0,1701982067,42
3321e865,29.527,-98.4702,0,0,1701982077,323
3321cc93,29.5297,-98.4717,0,0,1701982079,315
3321e247,29.5413,-98.4863,0,1,1701982077,309
3321e56e,29.5281,-98.471,0,0,1701982067,42
3321e865,29.527,-98.4702,0,0,1701982077,323
3321cc93,29.5297,-98.4717,0,0,1701982079,315
3321e247,29.5413,-98.4863,0,1,1701982077,309
3321e56e,29.5281,-98.471,0,0,1701982067,42
3321e865,29.527,-98.4702,0,0,1701982077,323
3321cc93,29.5297,-98.4717,0,0,1701982079,315
3321e247,29.5413,-98.4863,0,1,1701982077,309
3321e56e,29.5281,-98.471,0,0,1701982067,42
3321e865,29.527,-98.4702,0,0,1701982077,323
3321cc93,29.5297,-98.4717,0,0,1701982084,315
3321e247,29.5413,-98.4863,0,1,1701982077,309
3321e56e,29.5281,-98.471,0,0,1701982067,42
3321e865,29.5271,-98.4702,0,0,1701982082,323
3321cc93,29.5297,-98.4717,0,0,1701982084,315
3321e247,29.5413,-98.4863,0,1,1701982077,309
3321e56e,29.5281,-98.471,0,0,1701982067,42
3321e865,29.5271,-98.4702,0,0,1701982082,323
3321cc93,29.5297,-98.4717,0,0,1701982084,315
3321e247,29.5413,-98.4863,0,1,1701982077,309
3321e56e,29.5281,-98.471,0,0,1701982067,42
3321e865,29.5271,-98.4702,0,0,1701982082,323
3321cc93,29.5297,-98.4717,0,0,1701982084,315
3321e247,29.5413,-98.4863,0,1,1701982077,309
3321e56e,29.5281,-98.471,0,0,1701982067,42
3321e865,29.5271,-98.4702,0,0,1701982087,323
3321cc93,29.5297,-98.4717,0,0,1701982084,315
3321e247,29.5413,-98.4863,0,1,1701982077,309
3321e56e,29.5281,-98.471,0,0,1701982067,42
3321e865,29.5271,-98.4702,0,0,1701982087,323
3321cc93,29.5297,-98.4717,0,0,1701982084,315
3321e247,29.5413,-98.4863,0,1,1701982077,309
3321e56e,29.5281,-98.471,0,0,1701982067,42
3321e865,29.5271,-98.4702,0,0,1701982087,323
3321cc93,29.5297,-98.4717,0,0,1701982084,315
3321e247,29.5413,-98.4863,0,1,1701982077,309
3321e56e,29.5281,-98.471,0,0,1701982067,42
3321e865,29.5271,-98.4702,0,0,1701982087,323
3321cc93,29.5297,-98.4717,0,0,1701982090,315
3321e247,29.5413,-98.4863,0,0,1701982092,309
3321e56e,29.5281,-98.471,0,0,1701982067,42
3321e865,29.5271,-98.4702,0,0,1701982087,323
3321cc93,29.5297,-98.4717,0,0,1701982090,315
3321e247,29.5413,-98.4863,0,0,1701982092,309
3321e56e,29.5281,-98.471,0,0,1701982067,42
3321e865,29.5271,-98.4702,0,0,1701982087,323
3321cc93,29.5297,-98.4717,0,0,1701982090,315
3321e247,29.5413,-98.4863,0,0,1701982092,309
3321e56e,29.5281,-98.471,0,0,1701982067,42
3321e865,29.5271,-98.4702,0,0,1701982087,323
3321cc93,29.5297,-98.4717,0,0,1701982095,315
3321e247,29.5413,-98.4863,0,0,1701982092,309
3321e56e,29.5281,-98.471,0,0,1701982067,42
3321e865,29.5271,-98.4702,0,0,1701982097,323
3321cc93,29.5297,-98.4717,0,0,1701982095,315
3321e247,29.5413,-98.4863,0,0,1701982092,309
3321e56e,29.5281,-98.471,0,0,1701982067,42
3321e865,29.5271,-98.4702,0,0,1701982097,323
3321cc93,29.5297,-98.4717,0,0,1701982095,315
3321e247,29.5413,-98.4863,0,0,1701982092,309
3321e56e,29.5281,-98.471,0,0,1701982067,42
3321e865,29.5271,-98.4702,0,0,1701982097,323
3321cc93,29.5297,-98.4717,0,0,1701982100,315
3321e247,29.5413,-98.4863,0,0,1701982092,309
3321e56e,29.5281,-98.471,0,0,1701982067,42
3321e865,29.5271,-98.4702,0,0,1701982097,323
3321cc93,29.5297,-98.4717,0,0,1701982100,315
3321e247,29.5413,-98.4863,0,0,1701982092,309
3321e56e,29.5281,-98.471,0,0,1701982067,42
3321e865,29.5271,-98.4702,0,0,1701982097,323
3321cc93,29.5297,-98.4717,0,0,1701982100,315
3321e247,29.5413,-98.4863,0,0,1701982092,309
3321e56e,29.5281,-98.471,0,0,1701982067,42
3321e865,29.5271,-98.4702,0,0,1701982097,323
3321cc93,29.5297,-98.4717,0,0,1701982105,315
3321e247,29.5414,-98.4864,0,4,1701982103,323
3321e56e,29.5281,-98.471,0,0,1701982067,42
3321e865,29.5271,-98.4702,0,0,1701982102,323
3321cc93,29.5297,-98.4717,0,0,1701982105,315
3321e247,29.5414,-98.4864,0,4,1701982103,323
3321e56e,29.5281,-98.471,0,0,1701982067,42
3321e865,29.5271,-98.4702,0,0,1701982102,323
3321cc93,29.5297,-98.4717,0,0,1701982105,315
3321e247,29.5414,-98.4864,0,4,1701982103,323
3321e56e,29.5281,-98.471,0,0,1701982067,42
3321e865,29.5271,-98.4702,0,0,1701982102,323
3321cc93,29.5297,-98.4717,0,0,1701982105,315
3321e247,29.5414,-98.4864,0,4,1701982103,323
3321e56e,29.5281,-98.471,0,0,1701982067,42
3321e865,29.5271,-98.4702,0,0,1701982107,323
3321cc93,29.5297,-98.4717,0,0,1701982105,315
3321e247,29.5414,-98.4864,0,4,1701982103,323
3321e56e,29.5281,-98.471,0,0,1701982067,42
3321e865,29.5271,-98.4702,0,0,1701982107,323
3321cc93,29.5297,-98.4717,0,0,1701982105,315
3321e247,29.5414,-98.4864,0,4,1701982103,323
3321e56e,29.5281,-98.471,0,0,1701982067,42
3321e865,29.5271,-98.4702,0,0,1701982107,323
3321cc93,29.5297,-98.4717,0,0,1701982105,315
3321e247,29.5414,-98.4864,0,4,1701982103,323
3321e56e,29.5281,-98.471,0,0,1701982067,42
3321e865,29.5271,-98.4702,0,0,1701982107,323
3321cc93,29.5297,-98.4717,0,0,1701982110,315
3321e247,29.5414,-98.4864,0,4,1701982103,323
3321e56e,29.5281,-98.471,0,0,1701982067,42
3321e865,29.5271,-98.4702,0,0,1701982112,323
3321cc93,29.5297,-98.4717,0,0,1701982110,315
3321e247,29.5414,-98.4864,0,4,1701982103,323
3321e56e,29.5281,-98.471,0,0,1701982067,42
3321e865,29.5271,-98.4702,0,0,1701982112,323
3321cc93,29.5297,-98.4717,0,0,1701982110,315
3321e247,29.5414,-98.4864,0,4,1701982103,323
3321e56e,29.5281,-98.471,0,0,1701982067,42
3321e865,29.5271,-98.4702,0,0,1701982112,323
3321cc93,29.5297,-98.4717,0,0,1701982115,315
3321e247,29.5414,-98.4864,0,4,1701982103,323
3321e56e,29.5281,-98.471,0,0,1701982067,42
3321e865,29.5271,-98.4702,0,0,1701982112,323
3321cc93,29.5297,-98.4717,0,0,1701982115,315
3321e247,29.5414,-98.4864,0,4,1701982103,323
3321e56e,29.5281,-98.471,0,0,1701982067,42
3321e865,29.5271,-98.4702,0,0,1701982112,323
3321cc93,29.5297,-98.4717,0,0,1701982115,315
3321e247,29.5414,-98.4864,0,4,1701982103,323
3321e56e,29.5281,-98.471,0,0,1701982067,42
3321e865,29.5271,-98.4702,0,0,1701982112,323
3321cc93,29.5297,-98.4717,0,0,1701982115,315
3321e247,29.5414,-98.4864,0,4,1701982103,323
3321e56e,29.5281,-98.471,0,0,1701982067,42
3321e865,29.5271,-98.4702,0,0,1701982112,323
3321cc93,29.5297,-98.4717,0,0,1701982115,315
3321e247,29.5414,-98.4864,0,4,1701982103,323
3321e56e,29.5281,-98.471,0,0,1701982067,42
3321e865,29.5271,-98.4702,0,0,1701982112,323
3321cc93,29.5297,-98.4717,0,0,1701982115,315
3321e247,29.5414,-98.4864,0,4,1701982103,323
3321e56e,29.5281,-98.471,0,0,1701982067,42
3321e865,29.5271,-98.4702,0,0,1701982112,323
3321cc93,29.5297,-98.4717,0,0,1701982115,315
3321e247,29.5414,-98.4864,0,4,1701982103,323
3321e56e,29.5281,-98.471,0,0,1701982067,42
3321e865,29.527,-98.4702,0,0,1701982122,323
3321cc93,29.5297,-98.4717,0,0,1701982115,315
3321e247,29.5414,-98.4864,0,4,1701982103,323
3321e56e,29.5281,-98.471,0,0,1701982067,42
3321e865,29.527,-98.4702,0,0,1701982122,323
3321cc93,29.5297,-98.4717,0,0,1701982115,315
3321e247,29.5414,-98.4864,0,4,1701982103,323
3321e56e,29.5281,-98.471,0,0,1701982067,42
3321e865,29.527,-98.4702,0,0,1701982122,323
3321cc93,29.5297,-98.4717,0,0,1701982125,315
3321e247,29.5414,-98.4864,0,4,1701982103,323
3321e56e,29.5281,-98.471,0,0,1701982067,42
3321e865,29.527,-98.4702,0,0,1701982122,323
3321cc93,29.5297,-98.4717,0,0,1701982125,315
3321e247,29.5414,-98.4864,0,4,1701982103,323
3321e56e,29.5281,-98.471,0,0,1701982067,42
3321e865,29.527,-98.4702,0,0,1701982122,323
3321cc93,29.5297,-98.4717,0,0,1701982125,315
3321e247,29.5414,-98.4864,0,4,1701982103,323
3321e56e,29.5281,-98.471,0,0,1701982067,42
3321e865,29.527,-98.4702,0,0,1701982122,323
3321cc93,29.5297,-98.4717,0,0,1701982125,315
3321e247,29.5414,-98.4864,0,4,1701982103,323
3321e56e,29.5281,-98.471,0,0,1701982067,42
3321e865,29.527,-98.4702,0,0,1701982122,323
3321cc93,29.5297,-98.4717,0,0,1701982130,315
3321e247,29.5414,-98.4864,0,4,1701982103,323
3321e56e,29.5281,-98.471,0,0,1701982067,42
3321e865,29.527,-98.4702,0,0,1701982122,323
3321cc93,29.5297,-98.4717,0,0,1701982130,315
3321e247,29.5414,-98.4864,0,4,1701982103,323
3321e56e,29.5281,-98.471,0,0,1701982067,42
3321e865,29.527,-98.4702,0,0,1701982122,323
3321cc93,29.5297,-98.4717,0,0,1701982130,315
3321e247,29.5414,-98.4864,0,4,1701982103,323
3321e56e,29.5281,-98.471,0,0,1701982067,42
3321e865,29.527,-98.4702,0,0,1701982122,323
3321cc93,29.5297,-98.4717,0,0,1701982135,315
3321e247,29.5414,-98.4864,0,4,1701982103,323
3321e56e,29.5281,-98.471,0,0,1701982067,42
3321e865,29.527,-98.4702,0,0,1701982122,323
3321cc93,29.5297,-98.4717,0,0,1701982135,315
3321e247,29.5414,-98.4864,0,4,1701982103,323
3321e56e,29.5281,-98.471,0,0,1701982067,42
3321e865,29.527,-98.4702,0,0,1701982122,323
3321cc93,29.5297,-98.4717,0,0,1701982135,315
3321e247,29.5414,-98.4864,0,4,1701982103,323
3321e56e,29.5281,-98.471,0,0,1701982067,42
3321e865,29.527,-98.4702,0,0,1701982122,323
3321cc93,29.5297,-98.4717,0,0,1701982140,315
3321e247,29.5414,-98.4864,0,4,1701982103,323
3321e56e,29.5281,-98.471,0,0,1701982067,42
3321e865,29.527,-98.4702,0,0,1701982137,323
3321cc93,29.5297,-98.4717,0,0,1701982140,315
3321e247,29.5414,-98.4864,0,4,1701982103,323
3321e56e,29.5281,-98.471,0,0,1701982067,42
3321e865,29.527,-98.4702,0,0,1701982137,323
3321cc93,29.5297,-98.4717,0,0,1701982140,315
3321e247,29.5414,-98.4864,0,4,1701982103,323
3321e56e,29.5281,-98.471,0,0,1701982067,42
3321e865,29.527,-98.4702,0,0,1701982137,323
3321cc93,29.5297,-98.4717,0,0,1701982145,315
3321e247,29.5414,-98.4864,0,4,1701982103,323
3321e56e,29.5281,-98.471,0,0,1701982067,42
3321e865,29.527,-98.4702,0,0,1701982142,323
3321cc93,29.5297,-98.4717,0,0,1701982145,315
3321e247,29.5414,-98.4864,0,4,1701982103,323
3321e56e,29.5281,-98.471,0,0,1701982067,42
3321e865,29.527,-98.4702,0,0,1701982142,323
3321cc93,29.5297,-98.4717,0,0,1701982145,315
3321e247,29.5414,-98.4864,0,4,1701982103,323
3321e56e,29.5281,-98.471,0,0,1701982067,42
3321e865,29.527,-98.4702,0,0,1701982142,323
3321cc93,29.5297,-98.4717,0,0,1701982145,315
3321e247,29.5414,-98.4864,0,4,1701982103,323
3321e56e,29.5281,-98.471,0,0,1701982067,42
3321e865,29.5271,-98.4702,0,0,1701982147,323
3321cc93,29.5297,-98.4717,0,0,1701982145,315
3321e247,29.5414,-98.4864,0,4,1701982103,323
3321e56e,29.5281,-98.471,0,0,1701982067,42
3321e865,29.5271,-98.4702,0,0,1701982147,323
3321cc93,29.5297,-98.4717,0,0,1701982145,315
3321e247,29.5414,-98.4864,0,4,1701982103,323
3321e56e,29.5281,-98.471,0,0,1701982067,42
3321e865,29.5271,-98.4702,0,0,1701982147,323
3321cc93,29.5297,-98.4717,0,0,1701982145,315
3321e247,29.5414,-98.4864,0,4,1701982103,323
3321e56e,29.5281,-98.471,0,0,1701982067,42
3321e865,29.5271,-98.4702,0,0,1701982147,323
3321cc93,29.5297,-98.4717,0,0,1701982150,315
3321e247,29.5414,-98.4864,0,4,1701982103,323
3321e56e,29.5281,-98.471,0,0,1701982067,42
3321e865,29.5271,-98.4702,0,0,1701982152,323
3321cc93,29.5297,-98.4717,0,0,1701982150,315
3321e247,29.5414,-98.4864,0,4,1701982103,323
3321e56e,29.5281,-98.471,0,0,1701982067,42
3321e865,29.5271,-98.4702,0,0,1701982152,323
3321cc93,29.5297,-98.4717,0,0,1701982150,315
3321e247,29.5414,-98.4864,0,4,1701982103,323
3321e865,29.5271,-98.4702,0,0,1701982152,323
3321cc93,29.5297,-98.4717,0,0,1701982155,315
3321e247,29.5414,-98.4864,0,4,1701982103,323
3321e865,29.5271,-98.4702,0,0,1701982152,323
3321cc93,29.5297,-98.4717,0,0,1701982155,315
3321e247,29.5414,-98.4864,0,4,1701982103,323
3321e865,29.5271,-98.4702,0,0,1701982152,323
3321cc93,29.5297,-98.4717,0,0,1701982155,315
3321e247,29.5414,-98.4864,0,4,1701982103,323
3321e865,29.5271,-98.4702,0,0,1701982152,323
3321cc93,29.5297,-98.4717,0,0,1701982160,315
3321e247,29.5414,-98.4864,0,4,1701982103,323
3321e865,29.5271,-98.4702,0,0,1701982152,323
3321cc93,29.5297,-98.4717,0,0,1701982160,315
3321e247,29.5414,-98.4864,0,4,1701982103,323
3321e865,29.5271,-98.4702,0,0,1701982152,323
3321cc93,29.5297,-98.4717,0,0,1701982160,315
3321e247,29.5414,-98.4864,0,4,1701982103,323
3321e865,29.5271,-98.4702,0,0,1701982152,323
3321cc93,29.5297,-98.4717,0,0,1701982160,315
3321e247,29.5414,-98.4864,0,4,1701982103,323
3321e865,29.5271,-98.4702,0,0,1701982162,323
3321cc93,29.5297,-98.4717,0,0,1701982160,315
3321e247,29.5414,-98.4864,0,4,1701982103,323
3321e865,29.5271,-98.4702,0,0,1701982162,323
3321cc93,29.5297,-98.4717,0,0,1701982160,315
3321e247,29.5414,-98.4864,0,4,1701982103,323
3321e865,29.5271,-98.4702,0,0,1701982162,323
3321cc93,29.5297,-98.4717,0,0,1701982165,315
3321e247,29.5414,-98.4864,0,4,1701982103,323
3321e865,29.5271,-98.4702,0,0,1701982167,323
3321cc93,29.5297,-98.4717,0,0,1701982165,315
3321e247,29.5414,-98.4864,0,4,1701982103,323
3321e865,29.5271,-98.4702,0,0,1701982167,323
3321cc93,29.5297,-98.4717,0,0,1701982165,315
3321e247,29.5414,-98.4864,0,4,1701982103,323
3321e865,29.5271,-98.4702,0,0,1701982167,323
3321cc93,29.5297,-98.4717,0,0,1701982170,315
3321e247,29.5414,-98.4864,0,4,1701982103,323
3321e865,29.5271,-98.4702,0,0,1701982171,323
3321cc93,29.5297,-98.4717,0,0,1701982170,315
3321e247,29.5414,-98.4864,0,4,1701982103,323
3321e865,29.5271,-98.4702,0,0,1701982171,323
3321cc93,29.5297,-98.4717,0,0,1701982170,315
3321e247,29.5414,-98.4864,0,4,1701982103,323
3321e865,29.5271,-98.4702,0,0,1701982171,323
3321cc93,29.5297,-98.4717,0,0,1701982170,315
3321e247,29.5414,-98.4864,0,4,1701982103,323
3321e865,29.5271,-98.4702,0,0,1701982171,323
3321cc93,29.5298,-98.4717,0,0,1701982176,315
3321e247,29.5414,-98.4864,0,4,1701982103,323
3321e865,29.5271,-98.4702,0,0,1701982171,323
3321cc93,29.5298,-98.4717,0,0,1701982176,315
3321e247,29.5414,-98.4864,0,4,1701982103,323
3321e865,29.5271,-98.4702,0,0,1701982171,323
3321cc93,29.5298,-98.4717,0,0,1701982176,315
3321e247,29.5414,-98.4864,0,4,1701982103,323
3321e865,29.5271,-98.4702,0,0,1701982171,323
3321cc93,29.5298,-98.4718,0,3,1701982180,315
3321e247,29.5414,-98.4864,0,4,1701982103,323
3321e865,29.5271,-98.4702,0,0,1701982171,323
3321cc93,29.5298,-98.4718,0,3,1701982180,315
3321e247,29.5414,-98.4864,0,4,1701982103,323
3321e865,29.5271,-98.4702,0,0,1701982171,323
3321cc93,29.5298,-98.4718,0,3,1701982180,315
3321e247,29.5414,-98.4864,0,4,1701982103,323
3321e865,29.5271,-98.4702,0,0,1701982171,323
3321cc93,29.5299,-98.4718,0,4,1701982184,312
3321e247,29.5414,-98.4864,0,4,1701982103,323
3321e865,29.5271,-98.4702,0,0,1701982171,323
3321cc93,29.5299,-98.4718,0,4,1701982184,312
3321e247,29.5414,-98.4864,0,4,1701982103,323
3321e865,29.5271,-98.4702,0,0,1701982171,323
3321cc93,29.5299,-98.4718,0,4,1701982184,312
3321e247,29.5414,-98.4864,0,4,1701982103,323
3321e865,29.5271,-98.4702,0,0,1701982171,323
3321cc93,29.5299,-98.4719,0,5,1701982188,312
3321e247,29.5414,-98.4864,0,4,1701982103,323
3321e865,29.5271,-98.4702,0,0,1701982186,323
3321cc93,29.5299,-98.4719,0,5,1701982188,312
3321e247,29.5414,-98.4864,0,4,1701982103,323
3321e865,29.5271,-98.4702,0,0,1701982186,323
3321cc93,29.5299,-98.4719,0,5,1701982188,312
3321e247,29.5414,-98.4864,0,4,1701982103,323
3321e865,29.5271,-98.4702,0,0,1701982186,323
3321cc93,29.53,-98.472,0,5,1701982192,312
3321e865,29.5271,-98.4702,0,0,1701982191,323
3321cc93,29.53,-98.472,0,5,1701982192,312
3321e865,29.5271,-98.4702,0,0,1701982191,323
3321cc93,29.53,-98.472,0,5,1701982192,312
3321e865,29.5271,-98.4702,0,0,1701982191,323
3321cc93,29.53,-98.472,0,5,1701982195,312
3321e865,29.5271,-98.4702,0,0,1701982196,323
3321cc93,29.53,-98.472,0,5,1701982195,312
3321e865,29.5271,-98.4702,0,0,1701982196,323
3321cc93,29.53,-98.472,0,5,1701982195,312
3321e865,29.5271,-98.4702,0,0,1701982196,323
3321cc93,29.53,-98.472,0,5,1701982195,312
3321e865,29.5271,-98.4702,0,0,1701982196,323
3321cc93,29.5301,-98.4721,0,6,1701982199,312
3321e865,29.5271,-98.4702,0,0,1701982196,323
3321cc93,29.5301,-98.4721,0,6,1701982199,312
3321e865,29.5271,-98.4702,0,0,1701982196,323
3321cc93,29.5301,-98.4721,0,6,1701982199,312
3321e865,29.5271,-98.4702,0,0,1701982196,323
3321cc93,29.5302,-98.4723,0,7,1701982204,312
3321e865,29.5271,-98.4702,0,0,1701982201,323
3321cc93,29.5302,-98.4723,0,7,1701982204,312
3321e865,29.5271,-98.4702,0,0,1701982201,323
3321cc93,29.5302,-98.4723,0,7,1701982204,312
3321e865,29.5271,-98.4702,0,0,1701982201,323
3321cc93,29.5303,-98.4724,0,8,1701982208,312
3321e865,29.5271,-98.4703,0,0,1701982206,323
3321cc93,29.5303,-98.4724,0,8,1701982208,312
3321e865,29.5271,-98.4703,0,0,1701982206,323
3321cc93,29.5303,-98.4724,0,8,1701982208,312
3321e865,29.5271,-98.4703,0,0,1701982206,323
3321cc93,29.5304,-98.4725,0,9,1701982213,312
3321e865,29.5271,-98.4703,0,0,1701982211,323
3321cc93,29.5304,-98.4725,0,9,1701982213,312
3321e865,29.5271,-98.4703,0,0,1701982211,323
3321cc93,29.5304,-98.4725,0,9,1701982213,312
3321e865,29.5271,-98.4703,0,0,1701982211,323
3321cc93,29.5305,-98.4727,0,9,1701982217,309
3321e56e,29.5282,-98.4708,0,3,1701982215,42
3321e865,29.5271,-98.4703,0,0,1701982216,323
3321cc93,29.5305,-98.4727,0,9,1701982217,309
3321e56e,29.5282,-98.4708,0,3,1701982215,42
3321e865,29.5271,-98.4703,0,0,1701982216,323
3321cc93,29.5305,-98.4727,0,9,1701982217,309
3321e56e,29.5282,-98.4708,0,3,1701982215,42
3321e865,29.5271,-98.4703,0,0,1701982216,323
3321cc93,29.5305,-98.4727,0,9,1701982217,309
3321e56e,29.5282,-98.4708,0,3,1701982215,42
3321e865,29.5271,-98.4703,0,0,1701982216,323
3321cc93,29.5306,-98.4729,0,10,1701982221,309
3321e56e,29.5283,-98.4708,0,3,1701982218,42
3321e865,29.5271,-98.4703,0,0,1701982221,323
3321cc93,29.5306,-98.4729,0,10,1701982221,309
3321e56e,29.5283,-98.4708,0,3,1701982218,42
3321e865,29.5271,-98.4703,0,0,1701982221,323
3321cc93,29.5306,-98.4729,0,10,1701982221,309
3321e56e,29.5283,-98.4708,0,3,1701982218,42
3321e865,29.5271,-98.4703,0,0,1701982221,323
3321cc93,29.5308,-98.473,0,10,1701982225,309
3321e56e,29.5283,-98.4707,0,4,1701982225,42
3321e865,29.5271,-98.4703,0,0,1701982221,323
3321cc93,29.5308,-98.473,0,10,1701982225,309
3321e56e,29.5283,-98.4707,0,4,1701982225,42
3321e865,29.5271,-98.4703,0,0,1701982221,323
3321cc93,29.5308,-98.473,0,10,1701982225,309
3321e56e,29.5283,-98.4707,0,4,1701982225,42
3321e865,29.5271,-98.4703,0,0,1701982221,323
3321cc93,29.5309,-98.4732,0,10,1701982229,306
3321e56e,29.5284,-98.4707,0,5,1701982227,42
3321e865,29.5271,-98.4703,0,0,1701982226,323
3321cc93,29.5309,-98.4732,0,10,1701982229,306
3321e56e,29.5284,-98.4707,0,5,1701982227,42
3321e865,29.5271,-98.4703,0,0,1701982226,323
3321cc93,29.5309,-98.4732,0,10,1701982229,306
3321e56e,29.5284,-98.4707,0,5,1701982227,42
3321e865,29.5271,-98.4703,0,0,1701982226,323
3321cc93,29.531,-98.4734,0,10,1701982233,303
3321e56e,29.5285,-98.4706,0,5,1701982233,42
3321e865,29.5271,-98.4702,0,0,1701982231,323
3321cc93,29.531,-98.4734,0,10,1701982233,303
3321e56e,29.5285,-98.4706,0,5,1701982233,42
3321e865,29.5271,-98.4702,0,0,1701982231,323
3321cc93,29.531,-98.4734,0,10,1701982233,303
3321e56e,29.5285,-98.4706,0,5,1701982233,42
3321e865,29.5271,-98.4702,0,0,1701982231,323
3321cc93,29.531,-98.4734,0,10,1701982233,303
3321e56e,29.5285,-98.4705,0,6,1701982236,39
3321e865,29.5271,-98.4702,0,0,1701982236,323
3321cc93,29.531,-98.4734,0,10,1701982233,303
3321e56e,29.5285,-98.4705,0,6,1701982236,39
3321e865,29.5271,-98.4702,0,0,1701982236,323
3321cc93,29.531,-98.4734,0,10,1701982233,303
3321e56e,29.5285,-98.4705,0,6,1701982236,39
3321e865,29.5271,-98.4702,0,0,1701982236,323
3321cc93,29.5312,-98.4737,0,11,1701982240,300
3321e56e,29.5286,-98.4705,0,6,1701982239,30
3321e865,29.5271,-98.4702,0,0,1701982236,323
3321cc93,29.5312,-98.4737,0,11,1701982240,300
3321e56e,29.5286,-98.4705,0,6,1701982239,30
3321e865,29.5271,-98.4702,0,0,1701982236,323
3321cc93,29.5312,-98.4737,0,11,1701982240,300
3321e56e,29.5286,-98.4705,0,6,1701982239,30
3321e865,29.5271,-98.4702,0,0,1701982236,323
3321cc93,29.5313,-98.4739,0,11,1701982244,300
3321e56e,29.5288,-98.4705,0,7,1701982244,2
3321e865,29.5271,-98.4702,0,0,1701982241,323
3321cc93,29.5313,-98.4739,0,11,1701982244,300
3321e56e,29.5288,-98.4705,0,7,1701982244,2
3321e865,29.5271,-98.4702,0,0,1701982241,323
3321cc93,29.5313,-98.4739,0,11,1701982244,300
3321e56e,29.5288,-98.4705,0,7,1701982244,2
3321e865,29.5271,-98.4702,0,0,1701982241,323
3321cc93,29.5313,-98.4739,0,11,1701982244,300
3321e56e,29.5288,-98.4705,0,7,1701982244,2
3321e865,29.5271,-98.4702,0,0,1701982241,323
3321cc93,29.5314,-98.4742,0,12,1701982248,300
3321e56e,29.5289,-98.4706,0,7,1701982248,337
3321e865,29.5271,-98.4702,0,0,1701982246,323
3321cc93,29.5314,-98.4742,0,12,1701982248,300
3321e56e,29.5289,-98.4706,0,7,1701982248,337
3321e865,29.5271,-98.4702,0,0,1701982246,323
3321cc93,29.5314,-98.4742,0,12,1701982248,300
3321e56e,29.5289,-98.4706,0,7,1701982248,337
3321e865,29.5271,-98.4702,0,0,1701982246,323
3321cc93,29.5315,-98.4744,0,11,1701982253,303
3321e56e,29.529,-98.4707,0,7,1701982253,315
3321e865,29.5271,-98.4702,0,0,1701982246,323
3321cc93,29.5315,-98.4744,0,11,1701982253,303
3321e56e,29.529,-98.4707,0,7,1701982253,315
3321e865,29.5271,-98.4702,0,0,1701982246,323
3321cc93,29.5315,-98.4744,0,11,1701982253,303
3321e56e,29.529,-98.4707,0,7,1701982253,315
3321e865,29.5271,-98.4702,0,0,1701982246,323
3321cc93,29.5316,-98.4745,0,11,1701982256,303
3321e56e,29.529,-98.4708,0,7,1701982256,312
3321e865,29.5271,-98.4702,0,0,1701982256,323
3321cc93,29.5316,-98.4745,0,11,1701982256,303
3321e56e,29.529,-98.4708,0,7,1701982256,312
3321e865,29.5271,-98.4702,0,0,1701982256,323
3321cc93,29.5316,-98.4745,0,11,1701982256,303
3321e56e,29.529,-98.4708,0,7,1701982256,312
3321e865,29.5271,-98.4702,0,0,1701982256,323
3321cc93,29.5318,-98.4747,0,10,1701982260,306
3321e56e,29.5291,-98.4709,0,7,1701982261,312
3321e865,29.5271,-98.4702,0,0,1701982256,323
3321cc93,29.5318,-98.4747,0,10,1701982260,306
3321e56e,29.5291,-98.4709,0,7,1701982261,312
3321e865,29.5271,-98.4702,0,0,1701982256,323
3321cc93,29.5318,-98.4747,0,10,1701982260,306
3321e56e,29.5291,-98.4709,0,7,1701982261,312
3321e865,29.5271,-98.4702,0,0,1701982256,323
3321cc93,29.5319,-98.4749,0,9,1701982264,309
3321e56e,29.5292,-98.4711,0,7,1701982264,312
3321e865,29.5271,-98.4702,0,0,1701982261,323
3321cc93,29.5319,-98.4749,0,9,1701982264,309
3321e56e,29.5292,-98.4711,0,7,1701982264,312
3321e865,29.5271,-98.4702,0,0,1701982261,323
3321cc93,29.5319,-98.4749,0,9,1701982264,309
3321e56e,29.5292,-98.4711,0,7,1701982264,312
3321e865,29.5271,-98.4702,0,0,1701982261,323
3321cc93,29.532,-98.475,0,8,1701982269,309
3321e56e,29.5293,-98.4712,0,7,1701982268,312
3321e865,29.5271,-98.4702,0,0,1701982261,323
3321cc93,29.532,-98.475,0,8,1701982269,309
3321e56e,29.5293,-98.4712,0,7,1701982268,312
3321e865,29.5271,-98.4702,0,0,1701982261,323
3321cc93,29.532,-98.475,0,8,1701982269,309
3321e56e,29.5293,-98.4712,0,7,1701982268,312
3321e865,29.5271,-98.4702,0,0,1701982261,323
3321cc93,29.5321,-98.4751,0,6,1701982273,309
3321e56e,29.5294,-98.4713,0,7,1701982273,309
3321e865,29.5271,-98.4702,0,0,1701982271,323
3321cc93,29.5321,-98.4751,0,6,1701982273,309
3321e56e,29.5294,-98.4713,0,7,1701982273,309
3321e865,29.5271,-98.4702,0,0,1701982271,323
3321cc93,29.5321,-98.4751,0,6,1701982273,309
3321e56e,29.5294,-98.4713,0,7,1701982273,309
3321e865,29.5271,-98.4702,0,0,1701982271,323
3321cc93,29.5321,-98.4752,0,5,1701982277,309
3321e56e,29.5295,-98.4714,0,7,1701982276,312
3321e865,29.5271,-98.4702,0,0,1701982271,323
3321cc93,29.5321,-98.4752,0,5,1701982277,309
3321e56e,29.5295,-98.4714,0,7,1701982276,312
3321e865,29.5271,-98.4702,0,0,1701982271,323
3321cc93,29.5321,-98.4752,0,5,1701982277,309
3321e56e,29.5295,-98.4714,0,7,1701982276,312
3321e865,29.5271,-98.4702,0,0,1701982271,323
3321cc93,29.5321,-98.4752,0,5,1701982277,309
3321e56e,29.5295,-98.4714,0,7,1701982276,312
3321e865,29.5271,-98.4702,0,0,1701982271,323
3321cc93,29.5322,-98.4753,0,4,1701982281,309
3321e56e,29.5296,-98.4715,0,7,1701982281,312
3321e865,29.5271,-98.4702,0,0,1701982271,323
3321cc93,29.5322,-98.4753,0,4,1701982281,309
3321e56e,29.5296,-98.4715,0,7,1701982281,312
3321e865,29.5271,-98.4702,0,0,1701982271,323
3321cc93,29.5322,-98.4753,0,4,1701982281,309
3321e56e,29.5296,-98.4715,0,7,1701982281,312
3321e865,29.5271,-98.4702,0,0,1701982271,323
3321cc93,29.5323,-98.4753,0,3,1701982285,309
3321e56e,29.5297,-98.4716,0,7,1701982285,312
3321e865,29.5271,-98.4702,0,0,1701982281,323
3321cc93,29.5323,-98.4753,0,3,1701982285,309
3321e56e,29.5297,-98.4716,0,7,1701982285,312
3321e865,29.5271,-98.4702,0,0,1701982281,323
3321cc93,29.5323,-98.4753,0,3,1701982285,309
3321e56e,29.5297,-98.4716,0,7,1701982285,312
3321e865,29.5271,-98.4702,0,0,1701982281,323
3321cc93,29.5323,-98.4754,0,3,1701982288,312
3321e56e,29.5298,-98.4718,0,8,1701982289,312
3321e865,29.5271,-98.4702,0,0,1701982281,323
3321cc93,29.5323,-98.4754,0,3,1701982288,312
3321e56e,29.5298,-98.4718,0,8,1701982289,312
3321e865,29.5271,-98.4702,0,0,1701982281,323
3321cc93,29.5323,-98.4754,0,3,1701982288,312
3321e56e,29.5298,-98.4718,0,8,1701982289,312
3321e865,29.5271,-98.4702,0,0,1701982281,323
3321cc93,29.5323,-98.4754,0,2,1701982293,312
3321e56e,29.5299,-98.4719,0,8,1701982293,312
3321e865,29.5271,-98.4702,0,0,1701982291,323
3321cc93,29.5323,-98.4754,0,2,1701982293,312
3321e56e,29.5299,-98.4719,0,8,1701982293,312
3321e865,29.5271,-98.4702,0,0,1701982291,323
3321cc93,29.5323,-98.4754,0,2,1701982293,312
3321e56e,29.5299,-98.4719,0,8,1701982293,312
3321e865,29.5271,-98.4702,0,0,1701982291,323
3321cc93,29.5323,-98.4755,0,2,1701982297,312
3321e56e,29.53,-98.472,0,9,1701982296,315
3321e865,29.5271,-98.4702,0,0,1701982296,323
3321cc93,29.5323,-98.4755,0,2,1701982297,312
3321e56e,29.53,-98.472,0,9,1701982296,315
3321e865,29.5271,-98.4702,0,0,1701982296,323
3321cc93,29.5323,-98.4755,0,2,1701982297,312
3321e56e,29.53,-98.472,0,9,1701982296,315
3321e865,29.5271,-98.4702,0,0,1701982296,323
3321cc93,29.5324,-98.4755,0,1,1701982301,312
3321e56e,29.5301,-98.4721,0,9,1701982301,323
3321e865,29.5271,-98.4702,0,0,1701982301,323
3321cc93,29.5324,-98.4755,0,1,1701982301,312
3321e56e,29.5301,-98.4721,0,9,1701982301,323
3321e865,29.5271,-98.4702,0,0,1701982301,323
3321cc93,29.5324,-98.4755,0,1,1701982301,312
3321e56e,29.5301,-98.4721,0,9,1701982301,323
3321e865,29.5271,-98.4702,0,0,1701982301,323
3321cc93,29.5324,-98.4755,0,1,1701982305,312
3321e56e,29.5302,-98.4722,0,9,1701982304,329
3321e865,29.5271,-98.4702,0,0,1701982301,323
3321cc93,29.5324,-98.4755,0,1,1701982305,312
3321e56e,29.5302,-98.4722,0,9,1701982304,329
3321e865,29.5271,-98.4702,0,0,1701982301,323
3321cc93,29.5324,-98.4755,0,1,1701982305,312
3321e56e,29.5302,-98.4722,0,9,1701982304,329
3321e865,29.5271,-98.4702,0,0,1701982301,323
3321cc93,29.5324,-98.4755,0,1,1701982305,312
3321e56e,29.5302,-98.4722,0,9,1701982304,329
3321e865,29.5271,-98.4702,0,0,1701982301,323
3321cc93,29.5324,-98.4755,0,1,1701982308,312
3321e56e,29.5302,-98.4722,0,9,1701982304,329
3321e865,29.5271,-98.4702,0,0,1701982306,323
3321cc93,29.5324,-98.4755,0,1,1701982308,312
3321e56e,29.5302,-98.4722,0,9,1701982304,329
3321e865,29.5271,-98.4702,0,0,1701982306,323
3321cc93,29.5324,-98.4755,0,1,1701982308,312
3321e56e,29.5302,-98.4722,0,9,1701982304,329
3321e865,29.5271,-98.4702,0,0,1701982306,323
3321cc93,29.5324,-98.4755,0,1,1701982312,312
3321e56e,29.5302,-98.4722,0,9,1701982304,329
3321e865,29.5271,-98.4702,0,0,1701982311,323
3321cc93,29.5324,-98.4755,0,1,1701982312,312
3321e56e,29.5302,-98.4722,0,9,1701982304,329
3321e865,29.5271,-98.4702,0,0,1701982311,323
3321cc93,29.5324,-98.4755,0,1,1701982312,312
3321e56e,29.5302,-98.4722,0,9,1701982304,329
3321e865,29.5271,-98.4702,0,0,1701982311,323
3321cc93,29.5324,-98.4755,0,1,1701982316,312
3321e56e,29.5307,-98.4724,0,7,1701982316,340
3321e865,29.5271,-98.4702,0,0,1701982316,323
3321cc93,29.5324,-98.4755,0,1,1701982316,312
3321e56e,29.5307,-98.4724,0,7,1701982316,340
3321e865,29.5271,-98.4702,0,0,1701982316,323
3321cc93,29.5324,-98.4755,0,1,1701982316,312
3321e56e,29.5307,-98.4724,0,7,1701982316,340
3321e865,29.5271,-98.4702,0,0,1701982316,323
3321cc93,29.5324,-98.4755,0,0,1701982320,312
3321e56e,29.5308,-98.4724,0,7,1701982320,340
3321e865,29.5271,-98.4702,0,0,1701982316,323
3321cc93,29.5324,-98.4755,0,0,1701982320,312
3321e56e,29.5308,-98.4724,0,7,1701982320,340
3321e865,29.5271,-98.4702,0,0,1701982316,323
3321cc93,29.5324,-98.4755,0,0,1701982320,312
3321e56e,29.5308,-98.4724,0,7,1701982320,340
3321e865,29.5271,-98.4702,0,0,1701982316,323
3321cc93,29.5324,-98.4755,0,0,1701982324,312
3321e56e,29.5309,-98.4725,0,7,1701982324,337
3321e865,29.5271,-98.4702,0,0,1701982321,323
3321cc93,29.5324,-98.4755,0,0,1701982324,312
3321e56e,29.5309,-98.4725,0,7,1701982324,337
3321e865,29.5271,-98.4702,0,0,1701982321,323
3321cc93,29.5324,-98.4755,0,0,1701982324,312
3321e56e,29.5309,-98.4725,0,7,1701982324,337
3321e865,29.5271,-98.4702,0,0,1701982321,323
3321cc93,29.5324,-98.4755,0,0,1701982324,312
3321e56e,29.5309,-98.4725,0,7,1701982324,337
3321e865,29.5271,-98.4702,0,0,1701982321,323
3321cc93,29.5324,-98.4755,0,0,1701982329,312
3321e56e,29.5309,-98.4725,0,8,1701982325,337
3321e865,29.5271,-98.4702,0,0,1701982321,323
3321cc93,29.5324,-98.4755,0,0,1701982329,312
3321e56e,29.5309,-98.4725,0,8,1701982325,337
3321e865,29.5271,-98.4702,0,0,1701982321,323
3321cc93,29.5324,-98.4755,0,0,1701982329,312
3321e56e,29.5309,-98.4725,0,8,1701982325,337
3321e865,29.5271,-98.4702,0,0,1701982321,323
3321cc93,29.5324,-98.4755,0,0,1701982333,312
3321e56e,29.5312,-98.4727,0,9,1701982332,326
3321e865,29.5271,-98.4702,0,0,1701982321,323
3321cc93,29.5324,-98.4755,0,0,1701982333,312
3321e56e,29.5312,-98.4727,0,9,1701982332,326
3321e865,29.5271,-98.4702,0,0,1701982321,323
3321cc93,29.5324,-98.4755,0,0,1701982333,312
3321e56e,29.5312,-98.4727,0,9,1701982332,326
3321e865,29.5271,-98.4702,0,0,1701982321,323
3321cc93,29.5324,-98.4755,0,1,1701982336,312
3321e56e,29.5313,-98.4728,0,10,1701982336,323
3321e865,29.5271,-98.4702,0,0,1701982321,323
3321cc93,29.5324,-98.4755,0,1,1701982336,312
3321e56e,29.5313,-98.4728,0,10,1701982336,323
3321e865,29.5271,-98.4702,0,0,1701982321,323
3321cc93,29.5324,-98.4755,0,1,1701982336,312
3321e56e,29.5313,-98.4728,0,10,1701982336,323
3321e865,29.5271,-98.4702,0,0,1701982321,323
3321cc93,29.5324,-98.4755,0,0,1701982339,312
3321e56e,29.5315,-98.4729,0,10,1701982340,317
3321e865,29.5271,-98.4702,0,0,1701982321,323
3321cc93,29.5324,-98.4755,0,0,1701982339,312
3321e56e,29.5315,-98.4729,0,10,1701982340,317
3321e865,29.5271,-98.4702,0,0,1701982321,323
3321cc93,29.5324,-98.4755,0,0,1701982339,312
3321e56e,29.5315,-98.4729,0,10,1701982340,317
3321e865,29.5271,-98.4702,0,0,1701982321,323
3321cc93,29.5324,-98.4755,0,0,1701982339,312
3321e56e,29.5315,-98.4729,0,10,1701982340,317
3321e865,29.5271,-98.4702,0,0,1701982321,323
3321cc93,29.5324,-98.4755,0,0,1701982344,312
3321e56e,29.5316,-98.4731,0,11,1701982345,312
3321e865,29.5271,-98.4702,0,0,1701982341,323
3321cc93,29.5324,-98.4755,0,0,1701982344,312
3321e56e,29.5316,-98.4731,0,11,1701982345,312
3321e865,29.5271,-98.4702,0,0,1701982341,323
3321cc93,29.5324,-98.4755,0,0,1701982344,312
3321e56e,29.5316,-98.4731,0,11,1701982345,312
3321e865,29.5271,-98.4702,0,0,1701982341,323
3321cc93,29.5324,-98.4755,0,0,1701982344,312
3321e56e,29.5317,-98.4733,0,12,1701982348,312
3321e865,29.5271,-98.4702,0,0,1701982346,323
3321cc93,29.5324,-98.4755,0,0,1701982344,312
3321e56e,29.5317,-98.4733,0,12,1701982348,312
3321e865,29.5271,-98.4702,0,0,1701982346,323
3321cc93,29.5324,-98.4755,0,0,1701982344,312
3321e56e,29.5317,-98.4733,0,12,1701982348,312
3321e865,29.5271,-98.4702,0,0,1701982346,323
3321cc93,29.5324,-98.4755,0,0,1701982349,312
3321e56e,29.5319,-98.4735,0,12,1701982352,312
3321e865,29.5271,-98.4702,0,0,1701982346,323
3321cc93,29.5324,-98.4755,0,0,1701982349,312
3321e56e,29.5319,-98.4735,0,12,1701982352,312
3321e865,29.5271,-98.4702,0,0,1701982346,323
3321cc93,29.5324,-98.4755,0,0,1701982349,312
3321e56e,29.5319,-98.4735,0,12,1701982352,312
3321e865,29.5271,-98.4702,0,0,1701982346,323
3321cc93,29.5324,-98.4755,0,0,1701982354,312
3321e56e,29.5321,-98.4737,0,13,1701982356,312
3321e865,29.5271,-98.4702,0,0,1701982356,323
3321cc93,29.5324,-98.4755,0,0,1701982354,312
3321e56e,29.5321,-98.4737,0,13,1701982356,312
3321e865,29.5271,-98.4702,0,0,1701982356,323
3321cc93,29.5324,-98.4755,0,0,1701982354,312
3321e56e,29.5321,-98.4737,0,13,1701982356,312
3321e865,29.5271,-98.4702,0,0,1701982356,323
3321cc93,29.5324,-98.4755,0,0,1701982359,312
3321e56e,29.5322,-98.4739,0,13,1701982361,312
3321e865,29.5271,-98.4702,0,0,1701982356,323
3321cc93,29.5324,-98.4755,0,0,1701982359,312
3321e56e,29.5322,-98.4739,0,13,1701982361,312
3321e865,29.5271,-98.4702,0,0,1701982356,323
3321cc93,29.5324,-98.4755,0,0,1701982359,312
3321e56e,29.5322,-98.4739,0,13,1701982361,312
3321e865,29.5271,-98.4702,0,0,1701982356,323
3321cc93,29.5324,-98.4755,0,0,1701982364,312
3321e56e,29.5324,-98.4741,0,13,1701982365,312
3321e865,29.5271,-98.4702,0,0,1701982362,323
3321cc93,29.5324,-98.4755,0,0,1701982364,312
3321e56e,29.5324,-98.4741,0,13,1701982365,312
3321e865,29.5271,-98.4702,0,0,1701982362,323
3321cc93,29.5324,-98.4755,0,0,1701982364,312
3321e56e,29.5324,-98.4741,0,13,1701982365,312
3321e865,29.5271,-98.4702,0,0,1701982362,323
3321cc93,29.5324,-98.4755,0,0,1701982364,312
3321e56e,29.5324,-98.4741,0,13,1701982365,312
3321e865,29.5271,-98.4702,0,0,1701982362,323
3321cc93,29.5324,-98.4755,0,0,1701982369,312
3321e56e,29.5326,-98.4743,0,13,1701982369,312
3321e865,29.5271,-98.4702,0,0,1701982366,323
3321cc93,29.5324,-98.4755,0,0,1701982369,312
3321e56e,29.5326,-98.4743,0,13,1701982369,312
3321e865,29.5271,-98.4702,0,0,1701982366,323
3321cc93,29.5324,-98.4755,0,0,1701982369,312
3321e56e,29.5326,-98.4743,0,13,1701982369,312
3321e865,29.5271,-98.4702,0,0,1701982366,323
3321cc93,29.5324,-98.4755,0,0,1701982369,312
3321e56e,29.5327,-98.4745,0,12,1701982373,312
3321e865,29.5271,-98.4702,0,0,1701982366,323
3321cc93,29.5324,-98.4755,0,0,1701982369,312
3321e56e,29.5327,-98.4745,0,12,1701982373,312
3321e865,29.5271,-98.4702,0,0,1701982366,323
3321cc93,29.5324,-98.4755,0,0,1701982369,312
3321e56e,29.5327,-98.4745,0,12,1701982373,312
3321e865,29.5271,-98.4702,0,0,1701982366,323
3321cc93,29.5324,-98.4755,0,0,1701982374,312
3321e56e,29.5329,-98.4747,0,12,1701982377,312
3321e865,29.5271,-98.4702,0,0,1701982376,323
3321cc93,29.5324,-98.4755,0,0,1701982374,312
3321e56e,29.5329,-98.4747,0,12,1701982377,312
3321e865,29.5271,-98.4702,0,0,1701982376,323
3321cc93,29.5324,-98.4755,0,0,1701982374,312
3321e56e,29.5329,-98.4747,0,12,1701982377,312
3321e865,29.5271,-98.4702,0,0,1701982376,323
3321cc93,29.5324,-98.4755,0,0,1701982379,312
3321e56e,29.533,-98.4749,0,12,1701982380,312
3321e865,29.5271,-98.4702,0,0,1701982376,323
3321cc93,29.5324,-98.4755,0,0,1701982379,312
3321e56e,29.533,-98.4749,0,12,1701982380,312
3321e865,29.5271,-98.4702,0,0,1701982376,323
3321cc93,29.5324,-98.4755,0,0,1701982379,312
3321e56e,29.533,-98.4749,0,12,1701982380,312
3321e865,29.5271,-98.4702,0,0,1701982376,323
3321cc93,29.5324,-98.4755,0,0,1701982384,312
3321e56e,29.5331,-98.4751,0,12,1701982384,312
3321e865,29.5271,-98.4702,0,0,1701982382,323
3321cc93,29.5324,-98.4755,0,0,1701982384,312
3321e56e,29.5331,-98.4751,0,12,1701982384,312
3321e865,29.5271,-98.4702,0,0,1701982382,323
3321cc93,29.5324,-98.4755,0,0,1701982384,312
3321e56e,29.5331,-98.4751,0,12,1701982384,312
3321e865,29.5271,-98.4702,0,0,1701982382,323
3321cc93,29.5324,-98.4755,0,0,1701982384,312
3321e56e,29.5331,-98.4751,0,12,1701982384,312
3321e865,29.5271,-98.4702,0,0,1701982382,323
3321cc93,29.5324,-98.4755,0,0,1701982384,312
3321e56e,29.5333,-98.4752,0,12,1701982388,312
3321e865,29.5271,-98.4702,0,0,1701982386,323
3321cc93,29.5324,-98.4755,0,0,1701982384,312
3321e56e,29.5333,-98.4752,0,12,1701982388,312
3321e865,29.5271,-98.4702,0,0,1701982386,323
3321cc93,29.5324,-98.4755,0,0,1701982384,312
3321e56e,29.5333,-98.4752,0,12,1701982388,312
3321e865,29.5271,-98.4702,0,0,1701982386,323
3321cc93,29.5324,-98.4755,0,0,1701982389,312
3321e56e,29.5334,-98.4754,0,12,1701982392,312
3321e865,29.5271,-98.4702,0,0,1701982391,323
3321cc93,29.5324,-98.4755,0,0,1701982389,312
3321e56e,29.5334,-98.4754,0,12,1701982392,312
3321e865,29.5271,-98.4702,0,0,1701982391,323
3321cc93,29.5324,-98.4755,0,0,1701982389,312
3321e56e,29.5334,-98.4754,0,12,1701982392,312
3321e865,29.5271,-98.4702,0,0,1701982391,323
3321cc93,29.5324,-98.4755,0,0,1701982389,312
3321e56e,29.5336,-98.4756,0,11,1701982396,312
3321e865,29.5271,-98.4702,0,0,1701982397,323
3321cc93,29.5324,-98.4755,0,0,1701982389,312
3321e56e,29.5336,-98.4756,0,11,1701982396,312
3321e865,29.5271,-98.4702,0,0,1701982397,323
3321cc93,29.5324,-98.4755,0,0,1701982389,312
3321e56e,29.5336,-98.4756,0,11,1701982396,312
3321e865,29.5271,-98.4702,0,0,1701982397,323
3321cc93,29.5324,-98.4755,0,0,1701982399,312
3321e56e,29.5337,-98.4758,0,11,1701982400,309
3321e865,29.5271,-98.4702,0,0,1701982397,323
3321cc93,29.5324,-98.4755,0,0,1701982399,312
3321e56e,29.5337,-98.4758,0,11,1701982400,309
3321e865,29.5271,-98.4702,0,0,1701982397,323
3321cc93,29.5324,-98.4755,0,0,1701982399,312
3321e56e,29.5337,-98.4758,0,11,1701982400,309
3321e865,29.5271,-98.4702,0,0,1701982397,323
3321cc93,29.5324,-98.4755,0,0,1701982404,312
3321e56e,29.5339,-98.476,0,12,1701982405,312
3321e865,29.5271,-98.4702,0,0,1701982401,323
3321cc93,29.5324,-98.4755,0,0,1701982404,312
3321e56e,29.5339,-98.476,0,12,1701982405,312
3321e865,29.5271,-98.4702,0,0,1701982401,323
3321cc93,29.5324,-98.4755,0,0,1701982404,312
3321e56e,29.5339,-98.476,0,12,1701982405,312
3321e865,29.5271,-98.4702,0,0,1701982401,323
3321cc93,29.5324,-98.4755,0,0,1701982404,312
3321e56e,29.534,-98.4762,0,12,1701982408,312
3321e865,29.5271,-98.4702,0,0,1701982406,323
3321cc93,29.5324,-98.4755,0,0,1701982404,312
3321e56e,29.534,-98.4762,0,12,1701982408,312
3321e865,29.5271,-98.4702,0,0,1701982406,323
3321cc93,29.5324,-98.4755,0,0,1701982404,312
3321e56e,29.534,-98.4762,0,12,1701982408,312
3321e865,29.5271,-98.4702,0,0,1701982406,323
3321cc93,29.5324,-98.4755,0,0,1701982404,312
3321e56e,29.5342,-98.4764,0,13,1701982412,312
3321e865,29.5271,-98.4702,0,0,1701982412,323
3321cc93,29.5324,-98.4755,0,0,1701982404,312
3321e56e,29.5342,-98.4764,0,13,1701982412,312
3321e865,29.5271,-98.4702,0,0,1701982412,323
3321cc93,29.5324,-98.4755,0,0,1701982404,312
3321e56e,29.5342,-98.4764,0,13,1701982412,312
3321e865,29.5271,-98.4702,0,0,1701982412,323
3321cc93,29.5324,-98.4755,0,0,1701982414,309
3321e56e,29.5343,-98.4766,0,13,1701982416,312
3321e865,29.5271,-98.4702,0,0,1701982416,323
3321cc93,29.5324,-98.4755,0,0,1701982414,309
3321e56e,29.5343,-98.4766,0,13,1701982416,312
3321e865,29.5271,-98.4702,0,0,1701982416,323
3321cc93,29.5324,-98.4755,0,0,1701982414,309
3321e56e,29.5343,-98.4766,0,13,1701982416,312
3321e865,29.5271,-98.4702,0,0,1701982416,323
3321cc93,29.5324,-98.4755,0,0,1701982414,309
3321e56e,29.5343,-98.4766,0,13,1701982416,312
3321e865,29.5271,-98.4702,0,0,1701982416,323
3321cc93,29.5324,-98.4756,0,0,1701982419,309
3321e56e,29.5345,-98.4768,0,14,1701982421,312
3321e865,29.5271,-98.4702,0,0,1701982416,323
3321cc93,29.5324,-98.4756,0,0,1701982419,309
3321e56e,29.5345,-98.4768,0,14,1701982421,312
3321e865,29.5271,-98.4702,0,0,1701982416,323
3321cc93,29.5324,-98.4756,0,0,1701982419,309
3321e56e,29.5345,-98.4768,0,14,1701982421,312
3321e865,29.5271,-98.4702,0,0,1701982416,323
3321cc93,29.5325,-98.4757,0,4,1701982424,309
3321e56e,29.5347,-98.4771,0,15,1701982425,312
3321e865,29.5271,-98.4702,0,0,1701982421,323
3321cc93,29.5325,-98.4757,0,4,1701982424,309
3321e56e,29.5347,-98.4771,0,15,1701982425,312
3321e865,29.5271,-98.4702,0,0,1701982421,323
3321cc93,29.5325,-98.4757,0,4,1701982424,309
3321e56e,29.5347,-98.4771,0,15,1701982425,312
3321e865,29.5271,-98.4702,0,0,1701982421,323
3321cc93,29.5325,-98.4757,0,5,1701982426,309
3321e56e,29.5349,-98.4773,0,15,1701982429,312
3321e865,29.5271,-98.4702,0,0,1701982426,323
3321cc93,29.5325,-98.4757,0,5,1701982426,309
3321e56e,29.5349,-98.4773,0,15,1701982429,312
3321e865,29.5271,-98.4702,0,0,1701982426,323
3321cc93,29.5325,-98.4757,0,5,1701982426,309
3321e56e,29.5349,-98.4773,0,15,1701982429,312
3321e865,29.5271,-98.4702,0,0,1701982426,323
3321cc93,29.5326,-98.4758,0,6,1701982432,309
3321e56e,29.535,-98.4775,0,15,1701982432,312
3321e865,29.5271,-98.4702,0,0,1701982431,323
3321cc93,29.5326,-98.4758,0,6,1701982432,309
3321e56e,29.535,-98.4775,0,15,1701982432,312
3321e865,29.5271,-98.4702,0,0,1701982431,323
3321cc93,29.5326,-98.4758,0,6,1701982432,309
3321e56e,29.535,-98.4775,0,15,1701982432,312
3321e865,29.5271,-98.4702,0,0,1701982431,323
3321cc93,29.5327,-98.476,0,7,1701982437,312
3321e56e,29.5353,-98.4778,0,16,1701982437,312
3321e865,29.5271,-98.4702,0,0,1701982436,323
3321cc93,29.5327,-98.476,0,7,1701982437,312
3321e56e,29.5353,-98.4778,0,16,1701982437,312
3321e865,29.5271,-98.4702,0,0,1701982436,323
3321cc93,29.5327,-98.476,0,7,1701982437,312
3321e56e,29.5353,-98.4778,0,16,1701982437,312
3321e865,29.5271,-98.4702,0,0,1701982436,323
3321cc93,29.5327,-98.476,0,7,1701982437,312
3321e56e,29.5353,-98.4778,0,16,1701982437,312
3321e865,29.5271,-98.4702,0,0,1701982436,323
3321cc93,29.5328,-98.4761,0,8,1701982441,309
3321e56e,29.5354,-98.4779,0,16,1701982439,312
3321e865,29.5271,-98.4702,0,0,1701982436,323
3321cc93,29.5328,-98.4761,0,8,1701982441,309
3321e56e,29.5354,-98.4779,0,16,1701982439,312
3321e865,29.5271,-98.4702,0,0,1701982436,323
3321cc93,29.5329,-98.4762,0,9,1701982445,309
3321e56e,29.5357,-98.4783,0,16,1701982445,312
3321e865,29.5271,-98.4702,0,0,1701982441,323
3321cc93,29.5329,-98.4762,0,9,1701982445,309
3321e56e,29.5357,-98.4783,0,16,1701982445,312
3321e865,29.5271,-98.4702,0,0,1701982441,323
3321cc93,29.5329,-98.4762,0,9,1701982445,309
3321e56e,29.5357,-98.4783,0,16,1701982445,312
3321e865,29.5271,-98.4702,0,0,1701982441,323
3321cc93,29.5331,-98.4764,0,9,1701982449,309
3321e56e,29.5359,-98.4786,0,16,1701982449,312
3321e865,29.5271,-98.4702,0,0,1701982441,323
3321cc93,29.5331,-98.4764,0,9,1701982449,309
3321e56e,29.5359,-98.4786,0,16,1701982449,312
3321e865,29.5271,-98.4702,0,0,1701982441,323
3321cc93,29.5331,-98.4764,0,9,1701982449,309
3321e56e,29.5359,-98.4786,0,16,1701982449,312
3321e865,29.5271,-98.4702,0,0,1701982441,323
3321cc93,29.5331,-98.4764,0,9,1701982449,309
3321e56e,29.5359,-98.4786,0,16,1701982449,312
3321e865,29.5271,-98.4702,0,0,1701982441,323
3321cc93,29.5332,-98.4766,0,11,1701982453,309
3321e56e,29.5361,-98.4788,0,17,1701982453,312
3321e865,29.5271,-98.4702,0,0,1701982451,323
3321cc93,29.5332,-98.4766,0,11,1701982453,309
3321e56e,29.5361,-98.4788,0,17,1701982453,312
3321e865,29.5271,-98.4702,0,0,1701982451,323
3321cc93,29.5332,-98.4766,0,11,1701982453,309
3321e56e,29.5361,-98.4788,0,17,1701982453,312
3321e865,29.5271,-98.4702,0,0,1701982451,323
3321cc93,29.5333,-98.4768,0,13,1701982457,312
3321e56e,29.5363,-98.4792,0,17,1701982457,309
3321e865,29.5271,-98.4702,0,0,1701982456,323
3321cc93,29.5333,-98.4768,0,13,1701982457,312
3321e56e,29.5363,-98.4792,0,17,1701982457,309
3321e865,29.5271,-98.4702,0,0,1701982456,323
3321cc93,29.5333,-98.4768,0,13,1701982457,312
3321e56e,29.5363,-98.4792,0,17,1701982457,309
3321e865,29.5271,-98.4702,0,0,1701982456,323
3321cc93,29.5334,-98.4769,0,13,1701982460,309
3321e56e,29.5364,-98.4793,0,17,1701982459,312
3321e865,29.5271,-98.4702,0,0,1701982461,323
3321cc93,29.5334,-98.4769,0,13,1701982460,309
3321e56e,29.5364,-98.4793,0,17,1701982459,312
3321e865,29.5271,-98.4702,0,0,1701982461,323
3321cc93,29.5334,-98.4769,0,13,1701982460,309
3321e56e,29.5364,-98.4793,0,17,1701982459,312
3321e865,29.5271,-98.4702,0,0,1701982461,323
3321cc93,29.5336,-98.4771,0,13,1701982464,312
3321e56e,29.5366,-98.4796,0,18,1701982463,312
3321e865,29.5271,-98.4702,0,0,1701982461,323
3321cc93,29.5336,-98.4771,0,13,1701982464,312
3321e56e,29.5366,-98.4796,0,18,1701982463,312
3321e865,29.5271,-98.4702,0,0,1701982461,323
3321cc93,29.5336,-98.4771,0,13,1701982464,312
3321e56e,29.5366,-98.4796,0,18,1701982463,312
3321e865,29.5271,-98.4702,0,0,1701982461,323
3321cc93,29.5338,-98.4773,0,11,1701982468,320
3321e56e,29.5369,-98.4799,0,18,1701982468,312
3321e865,29.5271,-98.4702,0,0,1701982466,323
3321cc93,29.5338,-98.4773,0,11,1701982468,320
3321e56e,29.5369,-98.4799,0,18,1701982468,312
3321e865,29.5271,-98.4702,0,0,1701982466,323
3321cc93,29.5338,-98.4773,0,11,1701982468,320
3321e56e,29.5369,-98.4799,0,18,1701982468,312
3321e865,29.5271,-98.4702,0,0,1701982466,323
3321cc93,29.5338,-98.4773,0,11,1701982468,320
3321e56e,29.5369,-98.4799,0,18,1701982468,312
3321e865,29.5271,-98.4702,0,0,1701982466,323
3321cc93,29.534,-98.4774,0,11,1701982472,334
3321e56e,29.5371,-98.4802,0,18,1701982472,312
3321e865,29.527,-98.4702,0,0,1701982471,323
3321cc93,29.534,-98.4774,0,11,1701982472,334
3321e56e,29.5371,-98.4802,0,18,1701982472,312
3321e865,29.527,-98.4702,0,0,1701982471,323
3321cc93,29.534,-98.4774,0,11,1701982472,334
3321e56e,29.5371,-98.4802,0,18,1701982472,312
3321e865,29.527,-98.4702,0,0,1701982471,323
3321cc93,29.5342,-98.4775,0,10,1701982477,343
3321e56e,29.5374,-98.4806,0,18,1701982476,312
3321e865,29.527,-98.4702,0,0,1701982476,323
3321cc93,29.5342,-98.4775,0,10,1701982477,343
3321e56e,29.5374,-98.4806,0,18,1701982476,312
3321e865,29.527,-98.4702,0,0,1701982476,323
3321cc93,29.5342,-98.4775,0,10,1701982477,343
3321e56e,29.5374,-98.4806,0,18,1701982476,312
3321e865,29.527,-98.4702,0,0,1701982476,323
3321cc93,29.5343,-98.4775,0,10,1701982481,343
3321e56e,29.5375,-98.4807,0,19,1701982478,312
3321e865,29.5271,-98.4702,0,0,1701982481,323
3321cc93,29.5343,-98.4775,0,10,1701982481,343
3321e56e,29.5375,-98.4807,0,19,1701982478,312
3321e865,29.5271,-98.4702,0,0,1701982481,323
3321cc93,29.5343,-98.4775,0,10,1701982481,343
3321e56e,29.5375,-98.4807,0,19,1701982478,312
3321e865,29.5271,-98.4702,0,0,1701982481,323
3321cc93,29.5344,-98.4775,0,10,1701982482,343
3321e56e,29.5375,-98.4807,0,19,1701982478,312
3321e865,29.5271,-98.4702,0,0,1701982481,323
3321cc93,29.5344,-98.4775,0,10,1701982482,343
3321e56e,29.5375,-98.4807,0,19,1701982478,312
3321e865,29.5271,-98.4702,0,0,1701982481,323
3321cc93,29.5344,-98.4775,0,10,1701982482,343
3321e56e,29.5375,-98.4807,0,19,1701982478,312
3321e865,29.5271,-98.4702,0,0,1701982481,323
3321cc93,29.5347,-98.4776,0,10,1701982488,343
3321e56e,29.5381,-98.4815,0,20,1701982488,312
3321e865,29.527,-98.4702,0,0,1701982486,323
3321cc93,29.5347,-98.4776,0,10,1701982488,343
3321e56e,29.5381,-98.4815,0,20,1701982488,312
3321e865,29.527,-98.4702,0,0,1701982486,323
3321cc93,29.5347,-98.4776,0,10,1701982488,343
3321e56e,29.5381,-98.4815,0,20,1701982488,312
3321e865,29.527,-98.4702,0,0,1701982486,323
3321cc93,29.5349,-98.4777,0,11,1701982492,343
3321e56e,29.5384,-98.4818,0,20,1701982492,312
3321e865,29.527,-98.4702,0,0,1701982486,323
3321cc93,29.5349,-98.4777,0,11,1701982492,343
3321e56e,29.5384,-98.4818,0,20,1701982492,312
3321e865,29.527,-98.4702,0,0,1701982486,323
3321cc93,29.5349,-98.4777,0,11,1701982492,343
3321e56e,29.5384,-98.4818,0,20,1701982492,312
3321e865,29.527,-98.4702,0,0,1701982486,323
3321cc93,29.535,-98.4778,0,11,1701982495,343
3321e56e,29.5386,-98.4821,0,21,1701982495,312
3321e865,29.527,-98.4702,0,0,1701982486,323
3321cc93,29.535,-98.4778,0,11,1701982495,343
3321e56e,29.5386,-98.4821,0,21,1701982495,312
3321e865,29.527,-98.4702,0,0,1701982486,323
3321cc93,29.535,-98.4778,0,11,1701982495,343
3321e56e,29.5386,-98.4821,0,21,1701982495,312
3321e865,29.527,-98.4702,0,0,1701982486,323
3321cc93,29.535,-98.4778,0,11,1701982495,343
3321e56e,29.5386,-98.4821,0,21,1701982495,312
3321e865,29.527,-98.4702,0,0,1701982486,323
3321cc93,29.5353,-98.4779,0,11,1701982500,337
3321e56e,29.5386,-98.4821,0,21,1701982495,312
3321e865,29.5271,-98.4702,0,0,1701982501,323
3321cc93,29.5353,-98.4779,0,11,1701982500,337
3321e56e,29.5386,-98.4821,0,21,1701982495,312
3321e865,29.5271,-98.4702,0,0,1701982501,323
3321cc93,29.5353,-98.4779,0,11,1701982500,337
3321e56e,29.5386,-98.4821,0,21,1701982495,312
3321e865,29.5271,-98.4702,0,0,1701982501,323
3321cc93,29.5354,-98.4779,0,10,1701982503,326
3321e56e,29.5386,-98.4821,0,21,1701982495,312
3321e865,29.5271,-98.4702,0,0,1701982501,323
3321cc93,29.5354,-98.4779,0,10,1701982503,326
3321e56e,29.5386,-98.4821,0,21,1701982495,312
3321e865,29.5271,-98.4702,0,0,1701982501,323
3321cc93,29.5354,-98.4779,0,10,1701982503,326
3321e56e,29.5386,-98.4821,0,21,1701982495,312
3321e865,29.5271,-98.4702,0,0,1701982501,323
3321cc93,29.5355,-98.4781,0,10,1701982509,312
3321e56e,29.5396,-98.4833,0,23,1701982509,312
3321e865,29.5271,-98.4702,0,0,1701982501,323
3321ef65,29.5382,-98.4849,0,0,1701982509,295
3321cc93,29.5355,-98.4781,0,10,1701982509,312
3321e56e,29.5396,-98.4833,0,23,1701982509,312
3321e865,29.5271,-98.4702,0,0,1701982501,323
3321ef65,29.5382,-98.4849,0,0,1701982509,295
3321cc93,29.5355,-98.4781,0,10,1701982509,312
3321e56e,29.5396,-98.4833,0,23,1701982509,312
3321e865,29.5271,-98.4702,0,0,1701982501,323
3321ef65,29.5382,-98.4849,0,0,1701982509,295
3321cc93,29.5357,-98.4783,0,10,1701982512,312
3321e56e,29.5396,-98.4833,0,23,1701982509,312
3321e865,29.5271,-98.4702,0,0,1701982511,323
3321ef65,29.5381,-98.485,0,0,1701982513,295
3321cc93,29.5357,-98.4783,0,10,1701982512,312
3321e56e,29.5396,-98.4833,0,23,1701982509,312
3321e865,29.5271,-98.4702,0,0,1701982511,323
3321ef65,29.5381,-98.485,0,0,1701982513,295
3321cc93,29.5357,-98.4783,0,10,1701982512,312
3321e56e,29.5396,-98.4833,0,23,1701982509,312
3321e865,29.5271,-98.4702,0,0,1701982511,323
3321ef65,29.5381,-98.485,0,0,1701982513,295
3321cc93,29.5358,-98.4785,0,10,1701982517,312
3321e56e,29.5396,-98.4833,0,23,1701982509,312
3321e865,29.5271,-98.4702,0,0,1701982516,323
3321ef65,29.5381,-98.485,0,0,1701982517,295
3321cc93,29.5358,-98.4785,0,10,1701982517,312
3321e56e,29.5396,-98.4833,0,23,1701982509,312
3321e865,29.5271,-98.4702,0,0,1701982516,323
3321ef65,29.5381,-98.485,0,0,1701982517,295
3321cc93,29.5358,-98.4785,0,10,1701982517,312
3321e56e,29.5396,-98.4833,0,23,1701982509,312
3321e865,29.5271,-98.4702,0,0,1701982516,323
3321ef65,29.5381,-98.485,0,0,1701982517,295
3321cc93,29.5358,-98.4785,0,10,1701982517,312
3321e56e,29.5396,-98.4833,0,23,1701982509,312
3321e865,29.5271,-98.4702,0,0,1701982516,323
3321ef65,29.5381,-98.485,0,0,1701982517,295
3321cc93,29.5359,-98.4786,0,10,1701982519,312
3321e56e,29.5402,-98.4841,0,24,1701982518,312
3321e865,29.5271,-98.4702,0,0,1701982521,323
3321ef65,29.5381,-98.485,0,0,1701982521,295
3321f07f,29.5316,-98.4727,0,15,1701982503,163
3321cc93,29.5359,-98.4786,0,10,1701982519,312
3321e56e,29.5402,-98.4841,0,24,1701982518,312
3321e865,29.5271,-98.4702,0,0,1701982521,323
3321ef65,29.5381,-98.485,0,0,1701982521,295
3321f07f,29.5316,-98.4727,0,15,1701982503,163
3321cc93,29.5359,-98.4786,0,10,1701982519,312
3321e56e,29.5402,-98.4841,0,24,1701982518,312
3321e865,29.5271,-98.4702,0,0,1701982521,323
3321ef65,29.5381,-98.485,0,0,1701982521,295
3321f07f,29.5316,-98.4727,0,15,1701982503,163
3321cc93,29.5359,-98.4786,0,10,1701982519,312
3321e56e,29.5402,-98.4841,0,24,1701982518,312
3321e865,29.5271,-98.4702,0,0,1701982521,323
3321ef65,29.5381,-98.485,0,0,1701982524,295
3321f07f,29.5316,-98.4727,0,15,1701982503,163
3321cc93,29.5359,-98.4786,0,10,1701982519,312
3321e56e,29.5402,-98.4841,0,24,1701982518,312
3321e865,29.5271,-98.4702,0,0,1701982521,323
3321ef65,29.5381,-98.485,0,0,1701982524,295
3321f07f,29.5316,-98.4727,0,15,1701982503,163
3321cc93,29.5359,-98.4786,0,10,1701982519,312
3321e56e,29.5402,-98.4841,0,24,1701982518,312
3321e865,29.5271,-98.4702,0,0,1701982521,323
3321ef65,29.5381,-98.485,0,0,1701982524,295
3321f07f,29.5316,-98.4727,0,15,1701982503,163
3321cc93,29.5361,-98.4789,0,9,1701982529,312
3321e56e,29.5402,-98.4841,0,24,1701982518,312
3321e865,29.5271,-98.4702,0,0,1701982526,323
3321ef65,29.5381,-98.485,0,0,1701982528,295
3321f07f,29.5316,-98.4727,0,15,1701982503,163
3321cc93,29.5361,-98.4789,0,9,1701982529,312
3321e56e,29.5402,-98.4841,0,24,1701982518,312
3321e865,29.5271,-98.4702,0,0,1701982526,323
3321ef65,29.5381,-98.485,0,0,1701982528,295
3321f07f,29.5316,-98.4727,0,15,1701982503,163
3321cc93,29.5361,-98.4789,0,9,1701982529,312
3321e56e,29.5402,-98.4841,0,24,1701982518,312
3321e865,29.5271,-98.4702,0,0,1701982526,323
3321ef65,29.5381,-98.485,0,0,1701982528,295
3321f07f,29.5316,-98.4727,0,15,1701982503,163
3321cc93,29.5362,-98.479,0,9,1701982532,312
3321e56e,29.5402,-98.4841,0,24,1701982518,312
3321e865,29.5271,-98.4702,0,0,1701982526,323
3321ef65,29.5381,-98.485,0,0,1701982532,295
3321f07f,29.5316,-98.4727,0,15,1701982503,163
3321cc93,29.5362,-98.479,0,9,1701982532,312
3321e56e,29.5402,-98.4841,0,24,1701982518,312
3321e865,29.5271,-98.4702,0,0,1701982526,323
3321ef65,29.5381,-98.485,0,0,1701982532,295
3321f07f,29.5316,-98.4727,0,15,1701982503,163
3321cc93,29.5362,-98.479,0,9,1701982532,312
3321e56e,29.5402,-98.4841,0,24,1701982518,312
3321e865,29.5271,-98.4702,0,0,1701982526,323
3321ef65,29.5381,-98.485,0,0,1701982532,295
3321f07f,29.5316,-98.4727,0,15,1701982503,163
3321cc93,29.5364,-98.4792,0,8,1701982536,312
3321e56e,29.5402,-98.4841,0,24,1701982518,312
3321e865,29.5271,-98.4702,0,0,1701982536,323
3321ef65,29.5381,-98.485,0,0,1701982536,295
3321f07f,29.5316,-98.4727,0,15,1701982503,163
3321cc93,29.5364,-98.4792,0,8,1701982536,312
3321e56e,29.5402,-98.4841,0,24,1701982518,312
3321e865,29.5271,-98.4702,0,0,1701982536,323
3321ef65,29.5381,-98.485,0,0,1701982536,295
3321f07f,29.5316,-98.4727,0,15,1701982503,163
3321cc93,29.5364,-98.4792,0,8,1701982536,312
3321e56e,29.5402,-98.4841,0,24,1701982518,312
3321e865,29.5271,-98.4702,0,0,1701982536,323
3321ef65,29.5381,-98.485,0,0,1701982536,295
3321f07f,29.5316,-98.4727,0,15,1701982503,163
3321cc93,29.5364,-98.4792,0,8,1701982539,312
3321e56e,29.5402,-98.4841,0,24,1701982518,312
3321e865,29.5271,-98.4702,0,0,1701982536,323
3321ef65,29.5381,-98.485,0,0,1701982541,295
3321f07f,29.5316,-98.4727,0,15,1701982503,163
3321cc93,29.5364,-98.4792,0,8,1701982539,312
3321e56e,29.5402,-98.4841,0,24,1701982518,312
3321e865,29.5271,-98.4702,0,0,1701982536,323
3321ef65,29.5381,-98.485,0,0,1701982541,295
3321f07f,29.5316,-98.4727,0,15,1701982503,163
3321cc93,29.5364,-98.4792,0,8,1701982539,312
3321e56e,29.5402,-98.4841,0,24,1701982518,312
3321e865,29.5271,-98.4702,0,0,1701982536,323
3321ef65,29.5381,-98.485,0,0,1701982541,295
3321f07f,29.5316,-98.4727,0,15,1701982503,163
3321cc93,29.5364,-98.4792,0,8,1701982539,312
3321e56e,29.5402,-98.4841,0,24,1701982518,312
3321e865,29.5271,-98.4702,0,0,1701982536,323
3321ef65,29.5381,-98.485,0,0,1701982541,295
3321f07f,29.5316,-98.4727,0,15,1701982503,163
3321cc93,29.5365,-98.4794,0,8,1701982544,309
3321e56e,29.5417,-98.4861,0,11,1701982545,320
3321e865,29.5271,-98.4702,0,0,1701982541,323
3321ef65,29.5381,-98.485,0,0,1701982542,295
3321f07f,29.5316,-98.4727,0,15,1701982503,163
3321cc93,29.5365,-98.4794,0,8,1701982544,309
3321e56e,29.5417,-98.4861,0,11,1701982545,320
3321e865,29.5271,-98.4702,0,0,1701982541,323
3321ef65,29.5381,-98.485,0,0,1701982542,295
3321f07f,29.5316,-98.4727,0,15,1701982503,163
3321cc93,29.5365,-98.4794,0,8,1701982544,309
3321e56e,29.5417,-98.4861,0,11,1701982545,320
3321e865,29.5271,-98.4702,0,0,1701982541,323
3321ef65,29.5381,-98.485,0,0,1701982542,295
3321f07f,29.5316,-98.4727,0,15,1701982503,163
3321cc93,29.5365,-98.4794,0,8,1701982544,309
3321e56e,29.5418,-98.4861,0,10,1701982547,337
3321e865,29.5271,-98.4702,0,0,1701982546,323
3321ef65,29.5381,-98.485,0,0,1701982542,295
3321f07f,29.5316,-98.4727,0,15,1701982503,163
3321cc93,29.5365,-98.4794,0,8,1701982544,309
3321e56e,29.5418,-98.4861,0,10,1701982547,337
3321e865,29.5271,-98.4702,0,0,1701982546,323
3321ef65,29.5381,-98.485,0,0,1701982542,295
3321f07f,29.5316,-98.4727,0,15,1701982503,163
3321cc93,29.5365,-98.4794,0,8,1701982544,309
3321e56e,29.5418,-98.4861,0,10,1701982547,337
3321e865,29.5271,-98.4702,0,0,1701982546,323
3321ef65,29.5381,-98.485,0,0,1701982542,295
3321f07f,29.5316,-98.4727,0,15,1701982503,163
3321cc93,29.5365,-98.4794,0,8,1701982544,309
3321e56e,29.5419,-98.4861,0,3,1701982553,17
3321e865,29.5271,-98.4702,0,0,1701982551,323
3321ef65,29.5381,-98.485,0,0,1701982552,295
3321f07f,29.5316,-98.4727,0,15,1701982503,163
3321cc93,29.5365,-98.4794,0,8,1701982544,309
3321e56e,29.5419,-98.4861,0,3,1701982553,17
3321e865,29.5271,-98.4702,0,0,1701982551,323
3321ef65,29.5381,-98.485,0,0,1701982552,295
3321f07f,29.5316,-98.4727,0,15,1701982503,163
3321cc93,29.5365,-98.4794,0,8,1701982544,309
3321e56e,29.5419,-98.4861,0,3,1701982553,17
3321e865,29.5271,-98.4702,0,0,1701982551,323
3321ef65,29.5381,-98.485,0,0,1701982552,295
3321f07f,29.5316,-98.4727,0,15,1701982503,163
3321cc93,29.5368,-98.4797,0,7,1701982554,312
3321e56e,29.5419,-98.4861,0,1,1701982557,44
3321e865,29.5271,-98.4702,0,0,1701982556,323
3321ef65,29.5381,-98.485,0,0,1701982557,295
3321f07f,29.5316,-98.4727,0,15,1701982503,163
3321cc93,29.5368,-98.4797,0,7,1701982554,312
3321e56e,29.5419,-98.4861,0,1,1701982557,44
3321e865,29.5271,-98.4702,0,0,1701982556,323
3321ef65,29.5381,-98.485,0,0,1701982557,295
3321f07f,29.5316,-98.4727,0,15,1701982503,163
3321cc93,29.5368,-98.4797,0,7,1701982554,312
3321e56e,29.5419,-98.4861,0,1,1701982557,44
3321e865,29.5271,-98.4702,0,0,1701982556,323
3321ef65,29.5381,-98.485,0,0,1701982557,295
3321f07f,29.5316,-98.4727,0,15,1701982503,163
3321cc93,29.5369,-98.4799,0,7,1701982560,312
3321e56e,29.5419,-98.4861,0,0,1701982560,135
3321e865,29.5271,-98.4702,0,0,1701982556,323
3321ef65,29.5381,-98.485,0,0,1701982557,295
3321f07f,29.5289,-98.4705,0,7,1701982560,180
3321cc93,29.5369,-98.4799,0,7,1701982560,312
3321e56e,29.5419,-98.4861,0,0,1701982560,135
3321e865,29.5271,-98.4702,0,0,1701982556,323
3321ef65,29.5381,-98.485,0,0,1701982557,295
3321f07f,29.5289,-98.4705,0,7,1701982560,180
3321cc93,29.5369,-98.4799,0,7,1701982560,312
3321e56e,29.5419,-98.4861,0,0,1701982560,135
3321e865,29.5271,-98.4702,0,0,1701982556,323
3321ef65,29.5381,-98.485,0,0,1701982557,295
3321f07f,29.5289,-98.4705,0,7,1701982560,180
3321cc93,29.5369,-98.4799,0,7,1701982560,312
3321e56e,29.5419,-98.4861,0,0,1701982560,135
3321e865,29.5271,-98.4702,0,0,1701982556,323
3321ef65,29.5381,-98.485,0,0,1701982557,295
3321f07f,29.5289,-98.4705,0,7,1701982560,180
3321cc93,29.5369,-98.4799,0,7,1701982560,312
3321e56e,29.542,-98.4861,0,0,1701982561,135
3321e865,29.5271,-98.4702,0,0,1701982556,323
3321ef65,29.5381,-98.485,0,0,1701982562,295
3321f07f,29.5288,-98.4705,0,7,1701982565,174
3321cc93,29.5369,-98.4799,0,7,1701982560,312
3321e56e,29.542,-98.4861,0,0,1701982561,135
3321e865,29.5271,-98.4702,0,0,1701982556,323
3321ef65,29.5381,-98.485,0,0,1701982562,295
3321f07f,29.5288,-98.4705,0,7,1701982565,174
3321cc93,29.5369,-98.4799,0,7,1701982560,312
3321e56e,29.542,-98.4861,0,0,1701982561,135
3321e865,29.5271,-98.4702,0,0,1701982556,323
3321ef65,29.5381,-98.485,0,0,1701982562,295
3321f07f,29.5288,-98.4705,0,7,1701982565,174
3321cc93,29.5369,-98.4799,0,7,1701982560,312
3321e56e,29.542,-98.4861,0,0,1701982561,135
3321e865,29.5271,-98.4702,0,0,1701982556,323
3321ef65,29.5381,-98.485,0,0,1701982567,295
3321f07f,29.5286,-98.4705,0,7,1701982569,191
3321cc93,29.5369,-98.4799,0,7,1701982560,312
3321e56e,29.542,-98.4861,0,0,1701982561,135
3321e865,29.5271,-98.4702,0,0,1701982556,323
3321ef65,29.5381,-98.485,0,0,1701982567,295
3321f07f,29.5286,-98.4705,0,7,1701982569,191
3321cc93,29.5369,-98.4799,0,7,1701982560,312
3321e56e,29.542,-98.4861,0,0,1701982561,135
3321e865,29.5271,-98.4702,0,0,1701982556,323
3321ef65,29.5381,-98.485,0,0,1701982567,295
3321f07f,29.5286,-98.4705,0,7,1701982569,191
3321cc93,29.5369,-98.4799,0,7,1701982560,312
3321e56e,29.542,-98.4861,0,0,1701982561,135
3321e865,29.5272,-98.4702,0,0,1701982571,323
3321ef65,29.5381,-98.485,0,0,1701982572,295
3321f07f,29.5285,-98.4706,0,7,1701982573,208
3321cc93,29.5369,-98.4799,0,7,1701982560,312
3321e56e,29.542,-98.4861,0,0,1701982561,135
3321e865,29.5272,-98.4702,0,0,1701982571,323
3321ef65,29.5381,-98.485,0,0,1701982572,295
3321f07f,29.5285,-98.4706,0,7,1701982573,208
3321cc93,29.5369,-98.4799,0,7,1701982560,312
3321e56e,29.542,-98.4861,0,0,1701982561,135
3321e865,29.5272,-98.4702,0,0,1701982571,323
3321ef65,29.5381,-98.485,0,0,1701982572,295
3321f07f,29.5285,-98.4706,0,7,1701982573,208
3321cc93,29.5369,-98.4799,0,7,1701982560,312
3321e56e,29.5419,-98.4861,0,0,1701982577,135
3321e865,29.5272,-98.4702,0,0,1701982576,323
3321ef65,29.5381,-98.485,0,0,1701982576,295
3321f07f,29.5284,-98.4707,0,8,1701982577,216
3321cc93,29.5369,-98.4799,0,7,1701982560,312
3321e56e,29.5419,-98.4861,0,0,1701982577,135
3321e865,29.5272,-98.4702,0,0,1701982576,323
3321ef65,29.5381,-98.485,0,0,1701982576,295
3321f07f,29.5284,-98.4707,0,8,1701982577,216
3321cc93,29.5369,-98.4799,0,7,1701982560,312
3321e56e,29.5419,-98.4861,0,0,1701982577,135
3321e865,29.5272,-98.4702,0,0,1701982576,323
3321ef65,29.5381,-98.485,0,0,1701982576,295
3321f07f,29.5284,-98.4707,0,8,1701982577,216
3321cc93,29.5369,-98.4799,0,7,1701982560,312
3321e56e,29.5419,-98.4861,0,0,1701982577,135
3321e865,29.5272,-98.4702,0,0,1701982576,323
3321ef65,29.5381,-98.485,0,0,1701982576,295
3321f07f,29.5283,-98.4708,0,6,1701982581,219
3321cc93,29.5369,-98.4799,0,7,1701982560,312
3321e56e,29.5419,-98.4861,0,0,1701982577,135
3321e865,29.5272,-98.4702,0,0,1701982576,323
3321ef65,29.5381,-98.485,0,0,1701982576,295
3321f07f,29.5283,-98.4708,0,6,1701982581,219
3321cc93,29.5369,-98.4799,0,7,1701982560,312
3321e56e,29.5419,-98.4861,0,0,1701982577,135
3321e865,29.5272,-98.4702,0,0,1701982576,323
3321ef65,29.5381,-98.485,0,0,1701982576,295
3321f07f,29.5283,-98.4708,0,6,1701982581,219
3321cc93,29.5374,-98.4806,0,0,1701982585,312
3321e56e,29.5419,-98.4861,0,0,1701982577,135
3321e865,29.5272,-98.4702,0,0,1701982576,323
3321ef65,29.5381,-98.485,0,0,1701982581,295
3321f07f,29.5282,-98.4708,0,4,1701982585,222
3321cc93,29.5374,-98.4806,0,0,1701982585,312
3321e56e,29.5419,-98.4861,0,0,1701982577,135
3321e865,29.5272,-98.4702,0,0,1701982576,323
3321ef65,29.5381,-98.485,0,0,1701982581,295
3321f07f,29.5282,-98.4708,0,4,1701982585,222
3321cc93,29.5374,-98.4806,0,0,1701982585,312
3321e56e,29.5419,-98.4861,0,0,1701982577,135
3321e865,29.5272,-98.4702,0,0,1701982576,323
3321ef65,29.5381,-98.485,0,0,1701982581,295
3321f07f,29.5282,-98.4708,0,4,1701982585,222
3321cc93,29.5374,-98.4806,0,0,1701982585,312
3321e56e,29.5419,-98.4861,0,0,1701982577,135
3321e865,29.5272,-98.4702,0,0,1701982576,323
3321ef65,29.5381,-98.485,0,0,1701982581,295
3321f07f,29.5282,-98.4708,0,4,1701982585,222
3321cc93,29.5374,-98.4806,0,6,1701982586,312
3321e56e,29.5419,-98.4861,0,0,1701982577,135
3321e865,29.5272,-98.4702,0,0,1701982586,323
3321ef65,29.5381,-98.485,0,0,1701982587,295
3321f07f,29.5282,-98.4709,0,5,1701982588,222
3321cc93,29.5374,-98.4806,0,6,1701982586,312
3321e56e,29.5419,-98.4861,0,0,1701982577,135
3321e865,29.5272,-98.4702,0,0,1701982586,323
3321ef65,29.5381,-98.485,0,0,1701982587,295
3321f07f,29.5282,-98.4709,0,5,1701982588,222
3321cc93,29.5374,-98.4806,0,6,1701982586,312
3321e56e,29.5419,-98.4861,0,0,1701982577,135
3321e865,29.5272,-98.4702,0,0,1701982586,323
3321ef65,29.5381,-98.485,0,0,1701982587,295
3321f07f,29.5282,-98.4709,0,5,1701982588,222
3321cc93,29.5374,-98.4806,0,6,1701982586,312
3321e56e,29.5419,-98.4861,0,0,1701982577,135
3321e865,29.5272,-98.4702,0,0,1701982593,323
3321ef65,29.5381,-98.485,0,0,1701982592,295
3321f07f,29.5281,-98.471,0,5,1701982592,222
3321cc93,29.5374,-98.4806,0,6,1701982586,312
3321e56e,29.5419,-98.4861,0,0,1701982577,135
3321e865,29.5272,-98.4702,0,0,1701982593,323
3321ef65,29.5381,-98.485,0,0,1701982592,295
3321f07f,29.5281,-98.471,0,5,1701982592,222
3321cc93,29.5374,-98.4806,0,6,1701982586,312
3321e56e,29.5419,-98.4861,0,0,1701982577,135
3321e865,29.5272,-98.4702,0,0,1701982593,323
3321ef65,29.5381,-98.485,0,0,1701982592,295
3321f07f,29.5281,-98.471,0,5,1701982592,222
3321cc93,29.5374,-98.4806,0,6,1701982586,312
3321e56e,29.542,-98.4861,0,0,1701982596,135
3321e865,29.5272,-98.4702,0,0,1701982597,323
3321ef65,29.5381,-98.485,0,0,1701982592,295
3321f07f,29.528,-98.4711,0,6,1701982597,222
3321cc93,29.5374,-98.4806,0,6,1701982586,312
3321e56e,29.542,-98.4861,0,0,1701982596,135
3321e865,29.5272,-98.4702,0,0,1701982597,323
3321ef65,29.5381,-98.485,0,0,1701982592,295
3321f07f,29.528,-98.4711,0,6,1701982597,222
3321cc93,29.5374,-98.4806,0,6,1701982586,312
3321e56e,29.542,-98.4861,0,0,1701982596,135
3321e865,29.5272,-98.4702,0,0,1701982597,323
3321ef65,29.5381,-98.485,0,0,1701982592,295
3321f07f,29.528,-98.4711,0,6,1701982597,222
3321cc93,29.5374,-98.4806,0,6,1701982586,312
3321e56e,29.542,-98.4861,0,0,1701982596,135
3321e865,29.5272,-98.4702,0,0,1701982601,323
3321ef65,29.5381,-98.485,0,0,1701982597,295
3321f07f,29.5279,-98.4712,0,7,1701982601,222
3321cc93,29.5374,-98.4806,0,6,1701982586,312
3321e56e,29.542,-98.4861,0,0,1701982596,135
3321e865,29.5272,-98.4702,0,0,1701982601,323
3321ef65,29.5381,-98.485,0,0,1701982597,295
3321f07f,29.5279,-98.4712,0,7,1701982601,222
3321cc93,29.5374,-98.4806,0,6,1701982586,312
3321e56e,29.542,-98.4861,0,0,1701982596,135
3321e865,29.5272,-98.4702,0,0,1701982601,323
3321ef65,29.5381,-98.485,0,0,1701982597,295
3321f07f,29.5279,-98.4712,0,7,1701982601,222
3321cc93,29.5378,-98.4811,0,0,1701982604,312
3321e56e,29.5419,-98.4861,0,0,1701982602,135
3321e865,29.5272,-98.4702,0,0,1701982604,323
3321ef65,29.5381,-98.485,0,0,1701982602,295
3321f07f,29.5278,-98.4713,0,6,1701982605,222
3321cc93,29.5378,-98.4811,0,0,1701982604,312
3321e56e,29.5419,-98.4861,0,0,1701982602,135
3321e865,29.5272,-98.4702,0,0,1701982604,323
3321ef65,29.5381,-98.485,0,0,1701982602,295
3321f07f,29.5278,-98.4713,0,6,1701982605,222
3321cc93,29.5378,-98.4811,0,0,1701982604,312
3321e56e,29.5419,-98.4861,0,0,1701982602,135
3321e865,29.5272,-98.4702,0,0,1701982604,323
3321ef65,29.5381,-98.485,0,0,1701982602,295
3321f07f,29.5278,-98.4713,0,6,1701982605,222
3321cc93,29.5378,-98.4811,0,0,1701982604,312
3321e56e,29.5419,-98.4861,0,0,1701982602,135
3321e865,29.5272,-98.4702,0,0,1701982608,323
3321ef65,29.5381,-98.485,0,0,1701982607,295
3321f07f,29.5278,-98.4713,0,4,1701982608,222
3321cc93,29.5378,-98.4811,0,0,1701982604,312
3321e56e,29.5419,-98.4861,0,0,1701982602,135
3321e865,29.5272,-98.4702,0,0,1701982608,323
3321ef65,29.5381,-98.485,0,0,1701982607,295
3321f07f,29.5278,-98.4713,0,4,1701982608,222
3321cc93,29.5378,-98.4811,0,0,1701982604,312
3321e56e,29.5419,-98.4861,0,0,1701982602,135
3321e865,29.5272,-98.4702,0,0,1701982608,323
3321ef65,29.5381,-98.485,0,0,1701982607,295
3321f07f,29.5278,-98.4713,0,4,1701982608,222
3321cc93,29.5378,-98.4811,0,0,1701982604,312
3321e56e,29.5419,-98.4861,0,0,1701982602,135
3321e865,29.5272,-98.4702,0,0,1701982608,323
3321ef65,29.5381,-98.485,0,0,1701982607,295
3321f07f,29.5278,-98.4713,0,4,1701982608,222
3321cc93,29.5378,-98.4811,0,0,1701982604,312
3321e56e,29.5419,-98.4861,0,0,1701982602,135
3321e865,29.5272,-98.4702,0,0,1701982613,323
3321ef65,29.5381,-98.485,0,0,1701982612,295
3321f07f,29.5277,-98.4714,0,4,1701982613,233
3321cc93,29.5378,-98.4811,0,0,1701982604,312
3321e56e,29.5419,-98.4861,0,0,1701982602,135
3321e865,29.5272,-98.4702,0,0,1701982613,323
3321ef65,29.5381,-98.485,0,0,1701982612,295
3321f07f,29.5277,-98.4714,0,4,1701982613,233
3321cc93,29.5378,-98.4811,0,0,1701982604,312
3321e56e,29.5419,-98.4861,0,0,1701982602,135
3321e865,29.5272,-98.4702,0,0,1701982613,323
3321ef65,29.5381,-98.485,0,0,1701982612,295
3321f07f,29.5277,-98.4714,0,4,1701982613,233
3321cc93,29.5381,-98.4815,0,8,1701982617,312
3321e56e,29.5419,-98.4861,0,0,1701982602,135
3321e865,29.5272,-98.4702,0,0,1701982617,323
3321ef65,29.5381,-98.485,0,0,1701982612,295
3321f07f,29.5277,-98.4714,0,4,1701982615,241
3321cc93,29.5381,-98.4815,0,8,1701982617,312
3321e56e,29.5419,-98.4861,0,0,1701982602,135
3321e865,29.5272,-98.4702,0,0,1701982617,323
3321ef65,29.5381,-98.485,0,0,1701982612,295
3321f07f,29.5277,-98.4714,0,4,1701982615,241
3321cc93,29.5381,-98.4815,0,8,1701982617,312
3321e56e,29.5419,-98.4861,0,0,1701982602,135
3321e865,29.5272,-98.4702,0,0,1701982617,323
3321ef65,29.5381,-98.485,0,0,1701982612,295
3321f07f,29.5277,-98.4714,0,4,1701982615,241
3321cc93,29.5381,-98.4815,0,8,1701982617,312
3321e56e,29.5419,-98.4861,0,0,1701982602,135
3321e865,29.5272,-98.4702,0,0,1701982621,323
3321ef65,29.5381,-98.485,0,0,1701982612,295
3321f07f,29.5277,-98.4715,0,3,1701982619,261
3321cc93,29.5381,-98.4815,0,8,1701982617,312
3321e56e,29.5419,-98.4861,0,0,1701982602,135
3321e865,29.5272,-98.4702,0,0,1701982621,323
3321ef65,29.5381,-98.485,0,0,1701982612,295
3321f07f,29.5277,-98.4715,0,3,1701982619,261
3321cc93,29.5381,-98.4815,0,8,1701982617,312
3321e56e,29.5419,-98.4861,0,0,1701982602,135
3321e865,29.5272,-98.4702,0,0,1701982621,323
3321ef65,29.5381,-98.485,0,0,1701982612,295
3321f07f,29.5277,-98.4715,0,3,1701982619,261
3321c094,29.5249,-98.4719,0,0,1701982617,329
3321cc93,29.5383,-98.4817,0,8,1701982624,312
3321e56e,29.5419,-98.4861,0,0,1701982602,135
3321e865,29.5272,-98.4702,0,0,1701982621,323
3321ef65,29.5381,-98.485,0,0,1701982622,295
3321f07f,29.5277,-98.4716,0,3,1701982624,278
3321c094,29.5249,-98.4719,0,0,1701982617,329
3321cc93,29.5383,-98.4817,0,8,1701982624,312
3321e56e,29.5419,-98.4861,0,0,1701982602,135
3321e865,29.5272,-98.4702,0,0,1701982621,323
3321ef65,29.5381,-98.485,0,0,1701982622,295
3321f07f,29.5277,-98.4716,0,3,1701982624,278
3321c094,29.5249,-98.4719,0,0,1701982617,329
3321cc93,29.5383,-98.4817,0,8,1701982624,312
3321e56e,29.5419,-98.4861,0,0,1701982602,135
3321e865,29.5272,-98.4702,0,0,1701982621,323
3321ef65,29.5381,-98.485,0,0,1701982622,295
3321f07f,29.5277,-98.4716,0,3,1701982624,278
3321c094,29.5249,-98.4719,0,0,1701982617,329
3321cc93,29.5384,-98.4819,0,8,1701982629,312
3321e56e,29.5419,-98.4861,0,0,1701982602,135
3321e865,29.5272,-98.4702,0,0,1701982626,323
3321ef65,29.5381,-98.485,0,0,1701982627,295
3321f07f,29.5277,-98.4717,0,3,1701982628,284
3321c094,29.5249,-98.4719,0,0,1701982617,329
3321cc93,29.5384,-98.4819,0,8,1701982629,312
3321e56e,29.5419,-98.4861,0,0,1701982602,135
3321e865,29.5272,-98.4702,0,0,1701982626,323
3321ef65,29.5381,-98.485,0,0,1701982627,295
3321f07f,29.5277,-98.4717,0,3,1701982628,284
3321c094,29.5249,-98.4719,0,0,1701982617,329
3321cc93,29.5384,-98.4819,0,8,1701982629,312
3321e56e,29.5419,-98.4861,0,0,1701982602,135
3321e865,29.5272,-98.4702,0,0,1701982626,323
3321ef65,29.5381,-98.485,0,0,1701982627,295
3321f07f,29.5277,-98.4717,0,3,1701982628,284
3321c094,29.5249,-98.4719,0,0,1701982617,329
3321cc93,29.5384,-98.4819,0,8,1701982629,312
3321e56e,29.5419,-98.4861,0,0,1701982602,135
3321e865,29.5272,-98.4702,0,0,1701982626,323
3321ef65,29.5381,-98.485,0,0,1701982627,295
3321f07f,29.5277,-98.4717,0,3,1701982628,284
3321c094,29.5249,-98.4719,0,0,1701982617,329
3321cc93,29.5385,-98.482,0,8,1701982633,312
3321e56e,29.5419,-98.4861,0,0,1701982602,135
3321e865,29.5272,-98.4702,0,0,1701982631,323
3321ef65,29.5381,-98.485,0,0,1701982632,295
3321f07f,29.5277,-98.4717,0,3,1701982628,284
3321c094,29.5249,-98.4719,0,0,1701982617,329
3321cc93,29.5385,-98.482,0,8,1701982633,312
3321e56e,29.5419,-98.4861,0,0,1701982602,135
3321e865,29.5272,-98.4702,0,0,1701982631,323
3321ef65,29.5381,-98.485,0,0,1701982632,295
3321f07f,29.5277,-98.4717,0,3,1701982628,284
3321c094,29.5249,-98.4719,0,0,1701982617,329
3321cc93,29.5385,-98.482,0,8,1701982633,312
3321e56e,29.5419,-98.4861,0,0,1701982602,135
3321e865,29.5272,-98.4702,0,0,1701982631,323
3321ef65,29.5381,-98.485,0,0,1701982632,295
3321f07f,29.5277,-98.4717,0,3,1701982628,284
3321c094,29.5249,-98.4719,0,0,1701982617,329
3321cc93,29.5386,-98.4821,0,8,1701982636,312
3321e56e,29.5419,-98.4861,0,0,1701982602,135
3321e865,29.5272,-98.4702,0,0,1701982636,323
3321ef65,29.5381,-98.485,0,0,1701982637,295
3321f07f,29.5277,-98.4717,0,3,1701982628,284
3321c094,29.5249,-98.4719,0,0,1701982617,329
3321cc93,29.5386,-98.4821,0,8,1701982636,312
3321e56e,29.5419,-98.4861,0,0,1701982602,135
3321e865,29.5272,-98.4702,0,0,1701982636,323
3321ef65,29.5381,-98.485,0,0,1701982637,295
3321f07f,29.5277,-98.4717,0,3,1701982628,284
3321c094,29.5249,-98.4719,0,0,1701982617,329
3321cc93,29.5386,-98.4821,0,8,1701982636,312
3321e56e,29.5419,-98.4861,0,0,1701982602,135
3321e865,29.5272,-98.4702,0,0,1701982636,323
3321ef65,29.5381,-98.485,0,0,1701982637,295
3321f07f,29.5277,-98.4717,0,3,1701982628,284
3321c094,29.5249,-98.4719,0,0,1701982617,329
3321cc93,29.5386,-98.4821,0,8,1701982636,312
3321e56e,29.5419,-98.4861,0,0,1701982602,135
3321e865,29.5272,-98.4702,0,0,1701982636,323
3321ef65,29.5381,-98.485,0,0,1701982637,295
3321f07f,29.5277,-98.4717,0,3,1701982628,284
3321c094,29.5249,-98.4719,0,0,1701982617,329
3321cc93,29.5386,-98.4821,0,8,1701982636,312
3321e56e,29.5419,-98.4861,0,0,1701982602,135
3321e865,29.5272,-98.4702,0,0,1701982636,323
3321ef65,29.5381,-98.485,0,0,1701982637,295
3321f07f,29.5277,-98.4717,0,3,1701982628,284
3321c094,29.5249,-98.4719,0,0,1701982617,329
3321cc93,29.5386,-98.4821,0,8,1701982636,312
3321e56e,29.5419,-98.4861,0,0,1701982602,135
3321e865,29.5272,-98.4702,0,0,1701982636,323
3321ef65,29.5381,-98.485,0,0,1701982637,295
3321f07f,29.5277,-98.4717,0,3,1701982628,284
3321c094,29.5249,-98.4719,0,0,1701982617,329
3321cc93,29.5386,-98.4821,0,8,1701982636,312
3321e56e,29.5419,-98.4861,0,0,1701982602,135
3321e865,29.5272,-98.4702,0,0,1701982636,323
3321ef65,29.5381,-98.485,0,0,1701982642,295
3321f07f,29.5277,-98.4717,0,3,1701982628,284
3321c094,29.5249,-98.4719,0,0,1701982617,329
3321cc93,29.5386,-98.4821,0,8,1701982636,312
3321e56e,29.5419,-98.4861,0,0,1701982602,135
3321e865,29.5272,-98.4702,0,0,1701982636,323
3321ef65,29.5381,-98.485,0,0,1701982642,295
3321f07f,29.5277,-98.4717,0,3,1701982628,284
3321c094,29.5249,-98.4719,0,0,1701982617,329
3321cc93,29.5386,-98.4821,0,8,1701982636,312
3321e56e,29.5419,-98.4861,0,0,1701982602,135
3321e865,29.5272,-98.4702,0,0,1701982636,323
3321ef65,29.5381,-98.485,0,0,1701982642,295
3321f07f,29.5277,-98.4717,0,3,1701982628,284
3321c094,29.5249,-98.4719,0,0,1701982617,329
3321cc93,29.5386,-98.4821,0,8,1701982636,312
3321e56e,29.542,-98.4861,0,0,1701982647,135
3321e865,29.5272,-98.4702,0,0,1701982646,323
3321ef65,29.5381,-98.485,0,0,1701982647,295
3321f07f,29.5277,-98.4717,0,3,1701982628,284
3321c094,29.5249,-98.4719,0,0,1701982617,329
3321cc93,29.5386,-98.4821,0,8,1701982636,312
3321e56e,29.542,-98.4861,0,0,1701982647,135
3321e865,29.5272,-98.4702,0,0,1701982646,323
3321ef65,29.5381,-98.485,0,0,1701982647,295
3321f07f,29.5277,-98.4717,0,3,1701982628,284
3321c094,29.5249,-98.4719,0,0,1701982617,329
3321cc93,29.5386,-98.4821,0,8,1701982636,312
3321e56e,29.542,-98.4861,0,0,1701982647,135
3321e865,29.5272,-98.4702,0,0,1701982646,323
3321ef65,29.5381,-98.485,0,0,1701982647,295
3321f07f,29.5277,-98.4717,0,3,1701982628,284
3321c094,29.5249,-98.4719,0,0,1701982617,329
3321cc93,29.5386,-98.4821,0,8,1701982636,312
3321e56e,29.542,-98.4861,0,0,1701982647,135
3321e865,29.5272,-98.4702,0,0,1701982651,323
3321ef65,29.5381,-98.485,0,0,1701982652,295
3321f07f,29.5277,-98.4717,0,3,1701982628,284
3321c094,29.5249,-98.4719,0,0,1701982617,329
3321cc93,29.5386,-98.4821,0,8,1701982636,312
3321e56e,29.542,-98.4861,0,0,1701982647,135
3321e865,29.5272,-98.4702,0,0,1701982651,323
3321ef65,29.5381,-98.485,0,0,1701982652,295
3321f07f,29.5277,-98.4717,0,3,1701982628,284
3321c094,29.5249,-98.4719,0,0,1701982617,329
3321cc93,29.5386,-98.4821,0,8,1701982636,312
3321e56e,29.542,-98.4861,0,0,1701982647,135
3321e865,29.5272,-98.4702,0,0,1701982651,323
3321ef65,29.5381,-98.485,0,0,1701982652,295
3321f07f,29.5277,-98.4717,0,3,1701982628,284
3321c094,29.5249,-98.4719,0,0,1701982617,329
3321cc93,29.5386,-98.4821,0,8,1701982636,312
3321e56e,29.542,-98.4861,0,0,1701982647,135
3321e865,29.5272,-98.4702,0,0,1701982651,323
3321ef65,29.5381,-98.485,0,0,1701982652,295
3321f07f,29.5277,-98.4717,0,3,1701982628,284
3321c094,29.5249,-98.4719,0,0,1701982617,329
3321cc93,29.5386,-98.4821,0,8,1701982636,312
3321e56e,29.542,-98.4861,0,0,1701982647,135
3321e865,29.5272,-98.4702,0,0,1701982656,323
3321ef65,29.5381,-98.485,0,0,1701982652,295
3321f07f,29.5277,-98.4717,0,3,1701982628,284
3321c094,29.5249,-98.4719,0,0,1701982617,329
3321cc93,29.5386,-98.4821,0,8,1701982636,312
3321e56e,29.542,-98.4861,0,0,1701982647,135
3321e865,29.5272,-98.4702,0,0,1701982656,323
3321ef65,29.5381,-98.485,0,0,1701982652,295
3321f07f,29.5277,-98.4717,0,3,1701982628,284
3321c094,29.5249,-98.4719,0,0,1701982617,329
3321cc93,29.5386,-98.4821,0,8,1701982636,312
3321e56e,29.542,-98.4861,0,0,1701982647,135
3321e865,29.5272,-98.4702,0,0,1701982656,323
3321ef65,29.5381,-98.485,0,0,1701982652,295
3321f07f,29.5277,-98.4717,0,3,1701982628,284
3321c094,29.5249,-98.4719,0,0,1701982617,329
3321cc93,29.5386,-98.4821,0,8,1701982636,312
3321e56e,29.5419,-98.4861,0,0,1701982657,135
3321e865,29.5271,-98.4702,0,0,1701982661,323
3321ef65,29.5381,-98.485,0,0,1701982657,295
3321f07f,29.5277,-98.4717,0,3,1701982628,284
3321c094,29.5249,-98.4719,0,0,1701982617,329
3321cc93,29.5386,-98.4821,0,8,1701982636,312
3321e56e,29.5419,-98.4861,0,0,1701982657,135
3321e865,29.5271,-98.4702,0,0,1701982661,323
3321ef65,29.5381,-98.485,0,0,1701982657,295
3321f07f,29.5277,-98.4717,0,3,1701982628,284
3321c094,29.5249,-98.4719,0,0,1701982617,329
3321cc93,29.5386,-98.4821,0,8,1701982636,312
3321e56e,29.5419,-98.4861,0,0,1701982657,135
3321e865,29.5271,-98.4702,0,0,1701982661,323
3321ef65,29.5381,-98.485,0,0,1701982657,295
3321f07f,29.5277,-98.4717,0,3,1701982628,284
3321c094,29.5249,-98.4719,0,0,1701982617,329
3321cc93,29.5386,-98.4821,0,8,1701982636,312
3321e56e,29.5419,-98.4861,0,0,1701982657,135
3321e865,29.5271,-98.4702,0,0,1701982661,323
3321ef65,29.5381,-98.485,0,0,1701982662,295
3321f07f,29.5277,-98.4717,0,3,1701982628,284
3321c094,29.5249,-98.4719,0,0,1701982617,329
3321cc93,29.5386,-98.4821,0,8,1701982636,312
3321e56e,29.5419,-98.4861,0,0,1701982657,135
3321e865,29.5271,-98.4702,0,0,1701982661,323
3321ef65,29.5381,-98.485,0,0,1701982662,295
3321f07f,29.5277,-98.4717,0,3,1701982628,284
3321c094,29.5249,-98.4719,0,0,1701982617,329
3321cc93,29.5386,-98.4821,0,8,1701982636,312
3321e56e,29.5419,-98.4861,0,0,1701982657,135
3321e865,29.5271,-98.4702,0,0,1701982661,323
3321ef65,29.5381,-98.485,0,0,1701982662,295
3321f07f,29.5277,-98.4717,0,3,1701982628,284
3321c094,29.5249,-98.4719,0,0,1701982617,329
3321cc93,29.5386,-98.4821,0,8,1701982636,312
3321e56e,29.5419,-98.4861,0,0,1701982657,135
3321e865,29.5271,-98.4702,0,0,1701982666,323
3321ef65,29.5381,-98.485,0,0,1701982667,295
3321f07f,29.5277,-98.4717,0,3,1701982628,284
3321c094,29.5249,-98.4719,0,0,1701982617,329
3321cc93,29.5386,-98.4821,0,8,1701982636,312
3321e56e,29.5419,-98.4861,0,0,1701982657,135
3321e865,29.5271,-98.4702,0,0,1701982666,323
3321ef65,29.5381,-98.485,0,0,1701982667,295
3321f07f,29.5277,-98.4717,0,3,1701982628,284
3321c094,29.5249,-98.4719,0,0,1701982617,329
3321cc93,29.5386,-98.4821,0,8,1701982636,312
3321e56e,29.5419,-98.4861,0,0,1701982657,135
3321e865,29.5271,-98.4702,0,0,1701982666,323
3321ef65,29.5381,-98.485,0,0,1701982667,295
3321f07f,29.5277,-98.4717,0,3,1701982628,284
3321c094,29.5249,-98.4719,0,0,1701982617,329
3321cc93,29.5395,-98.4833,0,8,1701982672,312
3321e56e,29.542,-98.4861,0,0,1701982672,135
3321e865,29.5271,-98.4702,0,0,1701982666,323
3321ef65,29.5381,-98.485,0,0,1701982667,295
3321f07f,29.5277,-98.4717,0,3,1701982628,284
3321c094,29.5249,-98.4719,0,0,1701982617,329
3321cc93,29.5395,-98.4833,0,8,1701982672,312
3321e56e,29.542,-98.4861,0,0,1701982672,135
3321e865,29.5271,-98.4702,0,0,1701982666,323
3321ef65,29.5381,-98.485,0,0,1701982667,295
3321f07f,29.5277,-98.4717,0,3,1701982628,284
3321c094,29.5249,-98.4719,0,0,1701982617,329
3321cc93,29.5395,-98.4833,0,8,1701982672,312
3321e56e,29.542,-98.4861,0,0,1701982672,135
3321e865,29.5271,-98.4702,0,0,1701982666,323
3321ef65,29.5381,-98.485,0,0,1701982667,295
3321f07f,29.5277,-98.4717,0,3,1701982628,284
3321c094,29.5249,-98.4719,0,0,1701982617,329
3321cc93,29.5395,-98.4833,0,8,1701982672,312
3321e56e,29.542,-98.4861,0,0,1701982672,135
3321e865,29.5271,-98.4702,0,0,1701982666,323
3321ef65,29.5381,-98.485,0,0,1701982667,295
3321f07f,29.5277,-98.4717,0,3,1701982628,284
3321c094,29.5249,-98.4719,0,0,1701982617,329
3321cc93,29.5395,-98.4833,0,8,1701982672,312
3321e56e,29.542,-98.4861,0,0,1701982672,135
3321e865,29.5271,-98.4702,0,0,1701982677,323
3321ef65,29.5381,-98.485,0,0,1701982667,295
3321f07f,29.5277,-98.4717,0,3,1701982628,284
3321c094,29.5249,-98.4719,0,0,1701982617,329
3321cc93,29.5395,-98.4833,0,8,1701982672,312
3321e56e,29.542,-98.4861,0,0,1701982672,135
3321e865,29.5271,-98.4702,0,0,1701982677,323
3321ef65,29.5381,-98.485,0,0,1701982667,295
3321f07f,29.5277,-98.4717,0,3,1701982628,284
3321c094,29.5249,-98.4719,0,0,1701982617,329
3321cc93,29.5395,-98.4833,0,8,1701982672,312
3321e56e,29.542,-98.4861,0,0,1701982672,135
3321e865,29.5271,-98.4702,0,0,1701982677,323
3321ef65,29.5381,-98.485,0,0,1701982667,295
3321f07f,29.5277,-98.4717,0,3,1701982628,284
3321c094,29.5249,-98.4719,0,0,1701982617,329
3321cc93,29.5395,-98.4833,0,8,1701982672,312
3321e56e,29.542,-98.4861,0,0,1701982672,135
3321e865,29.5271,-98.4702,0,0,1701982681,323
3321ef65,29.5381,-98.485,0,0,1701982677,295
3321f07f,29.5277,-98.4717,0,3,1701982628,284
3321c094,29.5249,-98.4719,0,0,1701982617,329
3321cc93,29.5395,-98.4833,0,8,1701982672,312
3321e56e,29.542,-98.4861,0,0,1701982672,135
3321e865,29.5271,-98.4702,0,0,1701982681,323
3321ef65,29.5381,-98.485,0,0,1701982677,295
3321f07f,29.5277,-98.4717,0,3,1701982628,284
3321c094,29.5249,-98.4719,0,0,1701982617,329
3321cc93,29.5395,-98.4833,0,8,1701982672,312
3321e56e,29.542,-98.4861,0,0,1701982672,135
3321e865,29.5271,-98.4702,0,0,1701982681,323
3321ef65,29.5381,-98.485,0,0,1701982677,295
3321f07f,29.5277,-98.4717,0,3,1701982628,284
3321c094,29.5249,-98.4719,0,0,1701982617,329
3321cc93,29.5395,-98.4833,0,8,1701982672,312
3321e56e,29.542,-98.4861,0,0,1701982672,135
3321e865,29.5271,-98.4702,0,0,1701982685,323
3321ef65,29.5381,-98.485,0,0,1701982682,295
3321f07f,29.5277,-98.4717,0,3,1701982628,284
3321c094,29.5249,-98.4719,0,0,1701982617,329
3321cc93,29.5395,-98.4833,0,8,1701982672,312
3321e56e,29.542,-98.4861,0,0,1701982672,135
3321e865,29.5271,-98.4702,0,0,1701982685,323
3321ef65,29.5381,-98.485,0,0,1701982682,295
3321f07f,29.5277,-98.4717,0,3,1701982628,284
3321c094,29.5249,-98.4719,0,0,1701982617,329
3321cc93,29.5395,-98.4833,0,8,1701982672,312
3321e56e,29.542,-98.4861,0,0,1701982672,135
3321e865,29.5271,-98.4702,0,0,1701982685,323
3321ef65,29.5381,-98.485,0,0,1701982682,295
3321f07f,29.5277,-98.4717,0,3,1701982628,284
3321c094,29.5249,-98.4719,0,0,1701982617,329
3321cc93,29.5395,-98.4833,0,8,1701982672,312
3321e56e,29.542,-98.4861,0,0,1701982672,135
3321e865,29.5271,-98.4702,0,0,1701982688,323
3321ef65,29.5381,-98.485,0,0,1701982687,295
3321f07f,29.5277,-98.4717,0,3,1701982628,284
3321c094,29.5249,-98.4719,0,0,1701982617,329
3321cc93,29.5395,-98.4833,0,8,1701982672,312
3321e56e,29.542,-98.4861,0,0,1701982672,135
3321e865,29.5271,-98.4702,0,0,1701982688,323
3321ef65,29.5381,-98.485,0,0,1701982687,295
3321f07f,29.5277,-98.4717,0,3,1701982628,284
3321c094,29.5249,-98.4719,0,0,1701982617,329
3321cc93,29.5395,-98.4833,0,8,1701982672,312
3321e56e,29.542,-98.4861,0,0,1701982672,135
3321e865,29.5271,-98.4702,0,0,1701982688,323
3321ef65,29.5381,-98.485,0,0,1701982687,295
3321f07f,29.5277,-98.4717,0,3,1701982628,284
3321c094,29.5249,-98.4719,0,0,1701982617,329
3321cc93,29.5395,-98.4833,0,8,1701982672,312
3321e56e,29.5419,-98.4861,0,0,1701982692,135
3321e865,29.5271,-98.4702,0,0,1701982692,323
3321ef65,29.5381,-98.485,0,0,1701982692,295
3321f07f,29.5277,-98.4717,0,3,1701982628,284
3321c094,29.5249,-98.4719,0,0,1701982617,329
3321cc93,29.5395,-98.4833,0,8,1701982672,312
3321e56e,29.5419,-98.4861,0,0,1701982692,135
3321e865,29.5271,-98.4702,0,0,1701982692,323
3321ef65,29.5381,-98.485,0,0,1701982692,295
3321f07f,29.5277,-98.4717,0,3,1701982628,284
3321c094,29.5249,-98.4719,0,0,1701982617,329
3321cc93,29.5395,-98.4833,0,8,1701982672,312
3321e56e,29.5419,-98.4861,0,0,1701982692,135
3321e865,29.5271,-98.4702,0,0,1701982692,323
3321ef65,29.5381,-98.485,0,0,1701982692,295
3321f07f,29.5277,-98.4717,0,3,1701982628,284
3321c094,29.5249,-98.4719,0,0,1701982617,329
3321cc93,29.5395,-98.4833,0,8,1701982672,312
3321e56e,29.5419,-98.4861,0,0,1701982692,135
3321e865,29.5271,-98.4702,0,0,1701982697,323
3321ef65,29.5381,-98.485,0,0,1701982696,295
3321f07f,29.5277,-98.4717,0,3,1701982628,284
3321c094,29.5249,-98.4719,0,0,1701982617,329
3321cc93,29.5395,-98.4833,0,8,1701982672,312
3321e56e,29.5419,-98.4861,0,0,1701982692,135
3321e865,29.5271,-98.4702,0,0,1701982697,323
3321ef65,29.5381,-98.485,0,0,1701982696,295
3321f07f,29.5277,-98.4717,0,3,1701982628,284
3321c094,29.5249,-98.4719,0,0,1701982617,329
3321cc93,29.5395,-98.4833,0,8,1701982672,312
3321e56e,29.5419,-98.4861,0,0,1701982692,135
3321e865,29.5271,-98.4702,0,0,1701982697,323
3321ef65,29.5381,-98.485,0,0,1701982696,295
3321f07f,29.5277,-98.4717,0,3,1701982628,284
3321c094,29.5249,-98.4719,0,0,1701982617,329
3321cc93,29.5395,-98.4833,0,8,1701982672,312
3321e56e,29.5419,-98.4861,0,0,1701982692,135
3321e865,29.5271,-98.4702,0,0,1701982697,323
3321ef65,29.5381,-98.485,0,0,1701982696,295
3321f07f,29.5277,-98.4717,0,3,1701982628,284
3321c094,29.5249,-98.4719,0,0,1701982617,329
3321cc93,29.5395,-98.4833,0,8,1701982672,312
3321e56e,29.5419,-98.4861,0,0,1701982692,135
3321e865,29.5271,-98.4702,0,0,1701982698,323
3321ef65,29.5381,-98.485,0,0,1701982696,295
3321f07f,29.5277,-98.4717,0,3,1701982628,284
3321c094,29.5249,-98.4719,0,0,1701982617,329
3321cc93,29.5395,-98.4833,0,8,1701982672,312
3321e56e,29.5419,-98.4861,0,0,1701982692,135
3321e865,29.5271,-98.4702,0,0,1701982698,323
3321ef65,29.5381,-98.485,0,0,1701982696,295
3321f07f,29.5277,-98.4717,0,3,1701982628,284
3321c094,29.5249,-98.4719,0,0,1701982617,329
3321cc93,29.5395,-98.4833,0,8,1701982672,312
3321e56e,29.5419,-98.4861,0,0,1701982692,135
3321e865,29.5271,-98.4702,0,0,1701982698,323
3321ef65,29.5381,-98.485,0,0,1701982696,295
3321f07f,29.5277,-98.4717,0,3,1701982628,284
3321c094,29.5249,-98.4719,0,0,1701982617,329
3321cc93,29.5395,-98.4833,0,8,1701982672,312
3321e56e,29.5419,-98.4861,0,0,1701982692,135
3321e865,29.5271,-98.4702,0,0,1701982704,323
3321ef65,29.5381,-98.485,0,0,1701982696,295
3321f07f,29.5277,-98.4717,0,3,1701982628,284
3321cc93,29.5395,-98.4833,0,8,1701982672,312
3321e56e,29.5419,-98.4861,0,0,1701982692,135
3321e865,29.5271,-98.4702,0,0,1701982704,323
3321ef65,29.5381,-98.485,0,0,1701982696,295
3321f07f,29.5277,-98.4717,0,3,1701982628,284
3321cc93,29.5395,-98.4833,0,8,1701982672,312
3321e56e,29.5419,-98.4861,0,0,1701982692,135
3321e865,29.5271,-98.4702,0,0,1701982704,323
3321ef65,29.5381,-98.485,0,0,1701982696,295
3321f07f,29.5277,-98.4717,0,3,1701982628,284
3321cc93,29.5395,-98.4833,0,8,1701982672,312
3321e56e,29.5421,-98.486,0,0,1701982707,8
3321e865,29.5271,-98.4702,0,0,1701982709,323
3321ef65,29.5381,-98.485,0,0,1701982696,295
3321f07f,29.5277,-98.4717,0,3,1701982628,284
3321cc93,29.5395,-98.4833,0,8,1701982672,312
3321e56e,29.5421,-98.486,0,0,1701982707,8
3321e865,29.5271,-98.4702,0,0,1701982709,323
3321ef65,29.5381,-98.485,0,0,1701982696,295
3321f07f,29.5277,-98.4717,0,3,1701982628,284
3321cc93,29.5395,-98.4833,0,8,1701982672,312
3321e56e,29.5421,-98.486,0,0,1701982707,8
3321e865,29.5271,-98.4702,0,0,1701982709,323
3321ef65,29.5381,-98.485,0,0,1701982696,295
3321f07f,29.5277,-98.4717,0,3,1701982628,284
3321cc93,29.5395,-98.4833,0,8,1701982672,312
3321e56e,29.5421,-98.486,0,0,1701982707,8
3321e865,29.5271,-98.4702,0,0,1701982709,323
3321ef65,29.5381,-98.485,0,0,1701982711,295
3321f07f,29.5277,-98.4717,0,3,1701982628,284
3321cc93,29.5395,-98.4833,0,8,1701982672,312
3321e56e,29.5421,-98.486,0,0,1701982707,8
3321e865,29.5271,-98.4702,0,0,1701982709,323
3321ef65,29.5381,-98.485,0,0,1701982711,295
3321f07f,29.5277,-98.4717,0,3,1701982628,284
3321cc93,29.5395,-98.4833,0,8,1701982672,312
3321e56e,29.5421,-98.486,0,0,1701982707,8
3321e865,29.5271,-98.4702,0,0,1701982709,323
3321ef65,29.5381,-98.485,0,0,1701982711,295
3321f07f,29.5277,-98.4717,0,3,1701982628,284
3321cc93,29.5395,-98.4833,0,8,1701982672,312
3321e56e,29.5421,-98.486,0,0,1701982707,8
3321e865,29.5271,-98.4702,0,0,1701982713,323
3321ef65,29.5381,-98.485,0,0,1701982716,295
3321f07f,29.5277,-98.4717,0,3,1701982628,284
3321cc93,29.5395,-98.4833,0,8,1701982672,312
3321e56e,29.5421,-98.486,0,0,1701982707,8
3321e865,29.5271,-98.4702,0,0,1701982713,323
3321ef65,29.5381,-98.485,0,0,1701982716,295
3321cc93,29.5395,-98.4833,0,8,1701982672,312
3321e56e,29.5421,-98.486,0,0,1701982707,8
3321e865,29.5271,-98.4702,0,0,1701982713,323
3321ef65,29.5381,-98.485,0,0,1701982716,295
3321cc93,29.5395,-98.4833,0,8,1701982672,312
3321e56e,29.5421,-98.486,0,0,1701982707,8
3321e865,29.5271,-98.4702,0,0,1701982719,323
3321ef65,29.5381,-98.485,0,0,1701982716,295
3321cc93,29.5395,-98.4833,0,8,1701982672,312
3321e56e,29.5421,-98.486,0,0,1701982707,8
3321e865,29.5271,-98.4702,0,0,1701982719,323
3321ef65,29.5381,-98.485,0,0,1701982716,295
3321cc93,29.5395,-98.4833,0,8,1701982672,312
3321e56e,29.5421,-98.486,0,0,1701982707,8
3321e865,29.5271,-98.4702,0,0,1701982719,323
3321ef65,29.5381,-98.485,0,0,1701982716,295
3321cc93,29.5395,-98.4833,0,8,1701982672,312
3321e56e,29.5421,-98.486,0,0,1701982707,8
3321e865,29.5271,-98.4702,0,0,1701982719,323
3321ef65,29.5381,-98.485,0,0,1701982721,295
3321cc93,29.5395,-98.4833,0,8,1701982672,312
3321e56e,29.5421,-98.486,0,0,1701982707,8
3321e865,29.5271,-98.4702,0,0,1701982719,323
3321ef65,29.5381,-98.485,0,0,1701982721,295
3321cc93,29.5395,-98.4833,0,8,1701982672,312
3321e56e,29.5421,-98.486,0,0,1701982707,8
3321e865,29.5271,-98.4702,0,0,1701982719,323
3321ef65,29.5381,-98.485,0,0,1701982721,295
3321cc93,29.5395,-98.4833,0,8,1701982672,312
3321e56e,29.5421,-98.486,0,0,1701982707,8
3321e865,29.5271,-98.4702,0,0,1701982719,323
3321ef65,29.5381,-98.485,0,0,1701982721,295
3321cc93,29.5395,-98.4833,0,8,1701982672,312
3321e56e,29.5421,-98.486,0,0,1701982707,8
3321e865,29.5271,-98.4702,0,0,1701982719,323
3321ef65,29.5381,-98.485,0,0,1701982726,295
3321cc93,29.5395,-98.4833,0,8,1701982672,312
3321e56e,29.5421,-98.486,0,0,1701982707,8
3321e865,29.5271,-98.4702,0,0,1701982719,323
3321ef65,29.5381,-98.485,0,0,1701982726,295
3321cc93,29.5395,-98.4833,0,8,1701982672,312
3321e56e,29.5421,-98.486,0,0,1701982707,8
3321e865,29.5271,-98.4702,0,0,1701982719,323
3321ef65,29.5381,-98.485,0,0,1701982726,295
3321cc93,29.5395,-98.4833,0,8,1701982672,312
3321e56e,29.5421,-98.486,0,0,1701982707,8
3321e865,29.5271,-98.4702,0,0,1701982719,323
3321ef65,29.5381,-98.485,0,0,1701982731,295
3321cc93,29.5395,-98.4833,0,8,1701982672,312
3321e56e,29.5421,-98.486,0,0,1701982707,8
3321e865,29.5271,-98.4702,0,0,1701982719,323
3321ef65,29.5381,-98.485,0,0,1701982731,295
3321cc93,29.5395,-98.4833,0,8,1701982672,312
3321e56e,29.5421,-98.486,0,0,1701982707,8
3321e865,29.5271,-98.4702,0,0,1701982719,323
3321ef65,29.5381,-98.485,0,0,1701982731,295
3321cc93,29.541,-98.4852,0,0,1701982735,312
3321e56e,29.5421,-98.486,0,0,1701982707,8
3321e865,29.5271,-98.4702,0,0,1701982719,323
3321ef65,29.5381,-98.485,0,0,1701982736,295
3321cc93,29.541,-98.4852,0,0,1701982735,312
3321e56e,29.5421,-98.486,0,0,1701982707,8
3321e865,29.5271,-98.4702,0,0,1701982719,323
3321ef65,29.5381,-98.485,0,0,1701982736,295
3321cc93,29.541,-98.4852,0,0,1701982735,312
3321e56e,29.5421,-98.486,0,0,1701982707,8
3321e865,29.5271,-98.4702,0,0,1701982719,323
3321ef65,29.5381,-98.485,0,0,1701982736,295
3321cc93,29.541,-98.4852,0,0,1701982735,312
3321e56e,29.5421,-98.486,0,0,1701982707,8
3321e865,29.5272,-98.4702,0,0,1701982739,323
3321ef65,29.5381,-98.485,0,0,1701982736,295
3321cc93,29.541,-98.4852,0,0,1701982735,312
3321e56e,29.5421,-98.486,0,0,1701982707,8
3321e865,29.5272,-98.4702,0,0,1701982739,323
3321ef65,29.5381,-98.485,0,0,1701982736,295
3321cc93,29.541,-98.4852,0,0,1701982735,312
3321e56e,29.5421,-98.486,0,0,1701982707,8
3321e865,29.5272,-98.4702,0,0,1701982739,323
3321ef65,29.5381,-98.485,0,0,1701982736,295
3321cc93,29.541,-98.4852,0,0,1701982735,312
3321e56e,29.5421,-98.486,0,0,1701982707,8
3321e865,29.5272,-98.4702,0,0,1701982744,323
3321ef65,29.5381,-98.485,0,0,1701982741,295
3321cc93,29.541,-98.4852,0,0,1701982735,312
3321e56e,29.5421,-98.486,0,0,1701982707,8
3321e865,29.5272,-98.4702,0,0,1701982744,323
3321ef65,29.5381,-98.485,0,0,1701982741,295
3321cc93,29.541,-98.4852,0,0,1701982735,312
3321e56e,29.5421,-98.486,0,0,1701982707,8
3321e865,29.5272,-98.4702,0,0,1701982744,323
3321ef65,29.5381,-98.485,0,0,1701982741,295
3321cc93,29.541,-98.4852,0,0,1701982735,312
3321e56e,29.5421,-98.486,0,0,1701982707,8
3321e865,29.5272,-98.4702,0,0,1701982744,323
3321ef65,29.5381,-98.485,0,0,1701982746,295
3321cc93,29.541,-98.4852,0,0,1701982735,312
3321e56e,29.5421,-98.486,0,0,1701982707,8
3321e865,29.5272,-98.4702,0,0,1701982744,323
3321ef65,29.5381,-98.485,0,0,1701982746,295
3321cc93,29.541,-98.4852,0,0,1701982735,312
3321e56e,29.5421,-98.486,0,0,1701982707,8
3321e865,29.5272,-98.4702,0,0,1701982744,323
3321ef65,29.5381,-98.485,0,0,1701982746,295
3321cc93,29.541,-98.4852,0,0,1701982735,312
3321e56e,29.5421,-98.486,0,0,1701982707,8
3321e865,29.5272,-98.4702,0,0,1701982744,323
3321ef65,29.5381,-98.485,0,0,1701982746,295
3321cc93,29.541,-98.4852,0,0,1701982735,312
3321e56e,29.5421,-98.486,0,0,1701982707,8
3321e865,29.5272,-98.4702,0,0,1701982749,323
3321ef65,29.5381,-98.485,0,0,1701982751,295
3321cc93,29.541,-98.4852,0,0,1701982735,312
3321e56e,29.5421,-98.486,0,0,1701982707,8
3321e865,29.5272,-98.4702,0,0,1701982749,323
3321ef65,29.5381,-98.485,0,0,1701982751,295
3321cc93,29.541,-98.4852,0,0,1701982735,312
3321e56e,29.5421,-98.486,0,0,1701982707,8
3321e865,29.5272,-98.4702,0,0,1701982749,323
3321ef65,29.5381,-98.485,0,0,1701982751,295
3321cc93,29.541,-98.4852,0,0,1701982735,312
3321e56e,29.5421,-98.486,0,0,1701982707,8
3321e865,29.5272,-98.4702,0,0,1701982754,323
3321ef65,29.5381,-98.485,0,0,1701982756,295
3321cc93,29.541,-98.4852,0,0,1701982735,312
3321e56e,29.5421,-98.486,0,0,1701982707,8
3321e865,29.5272,-98.4702,0,0,1701982754,323
3321ef65,29.5381,-98.485,0,0,1701982756,295
3321cc93,29.541,-98.4852,0,0,1701982735,312
3321e56e,29.5421,-98.486,0,0,1701982707,8
3321e865,29.5272,-98.4702,0,0,1701982754,323
3321ef65,29.5381,-98.485,0,0,1701982756,295
3321cc93,29.541,-98.4852,0,0,1701982735,312
3321e56e,29.5421,-98.486,0,0,1701982707,8
3321e865,29.5272,-98.4702,0,0,1701982759,323
3321ef65,29.5381,-98.485,0,0,1701982761,295
3321cc93,29.541,-98.4852,0,0,1701982735,312
3321e56e,29.5421,-98.486,0,0,1701982707,8
3321e865,29.5272,-98.4702,0,0,1701982759,323
3321ef65,29.5381,-98.485,0,0,1701982761,295
3321cc93,29.541,-98.4852,0,0,1701982735,312
3321e56e,29.5421,-98.486,0,0,1701982707,8
3321e865,29.5272,-98.4702,0,0,1701982759,323
3321ef65,29.5381,-98.485,0,0,1701982761,295
3321cc93,29.541,-98.4852,0,0,1701982735,312
3321e56e,29.5421,-98.486,0,0,1701982707,8
3321e865,29.5272,-98.4702,0,0,1701982764,323
3321ef65,29.5381,-98.485,0,0,1701982761,295
3321cc93,29.541,-98.4852,0,0,1701982735,312
3321e56e,29.5421,-98.486,0,0,1701982707,8
3321e865,29.5272,-98.4702,0,0,1701982764,323
3321ef65,29.5381,-98.485,0,0,1701982761,295
3321cc93,29.541,-98.4852,0,0,1701982735,312
3321e56e,29.5421,-98.486,0,0,1701982707,8
3321e865,29.5272,-98.4702,0,0,1701982764,323
3321ef65,29.5381,-98.485,0,0,1701982761,295
3321cc93,29.541,-98.4852,0,0,1701982735,312
3321e56e,29.5421,-98.486,0,0,1701982707,8
3321e865,29.5272,-98.4702,0,0,1701982769,323
3321ef65,29.5381,-98.485,0,0,1701982766,295
3321cc93,29.541,-98.4852,0,0,1701982735,312
3321e56e,29.5421,-98.486,0,0,1701982707,8
3321e865,29.5272,-98.4702,0,0,1701982769,323
3321ef65,29.5381,-98.485,0,0,1701982766,295
3321cc93,29.541,-98.4852,0,0,1701982735,312
3321e56e,29.5421,-98.486,0,0,1701982707,8
3321e865,29.5272,-98.4702,0,0,1701982769,323
3321ef65,29.5381,-98.485,0,0,1701982766,295
3321cc93,29.541,-98.4852,0,0,1701982735,312
3321e56e,29.5421,-98.486,0,0,1701982707,8
3321e865,29.5272,-98.4702,0,0,1701982769,323
3321ef65,29.5381,-98.485,0,0,1701982771,295
3321cc93,29.541,-98.4852,0,0,1701982735,312
3321e56e,29.5421,-98.486,0,0,1701982707,8
3321e865,29.5272,-98.4702,0,0,1701982769,323
3321ef65,29.5381,-98.485,0,0,1701982771,295
3321cc93,29.541,-98.4852,0,0,1701982735,312
3321e56e,29.5421,-98.486,0,0,1701982707,8
3321e865,29.5272,-98.4702,0,0,1701982769,323
3321ef65,29.5381,-98.485,0,0,1701982771,295
3321cc93,29.541,-98.4852,0,0,1701982735,312
3321e56e,29.5421,-98.486,0,0,1701982707,8
3321e865,29.5272,-98.4702,0,0,1701982769,323
3321ef65,29.5381,-98.485,0,0,1701982771,295
3321cc93,29.541,-98.4852,0,0,1701982735,312
3321e56e,29.5421,-98.486,0,0,1701982707,8
3321e865,29.5272,-98.4702,0,0,1701982769,323
3321ef65,29.5381,-98.485,0,0,1701982771,295
3321cc93,29.541,-98.4852,0,0,1701982735,312
3321e56e,29.5421,-98.486,0,0,1701982707,8
3321e865,29.5272,-98.4702,0,0,1701982769,323
3321ef65,29.5381,-98.485,0,0,1701982771,295
3321cc93,29.541,-98.4852,0,0,1701982735,312
3321e56e,29.5421,-98.486,0,0,1701982707,8
3321e865,29.5272,-98.4702,0,0,1701982769,323
3321ef65,29.5381,-98.485,0,0,1701982771,295
3321cc93,29.5418,-98.486,0,1,1701982777,345
3321e56e,29.5421,-98.486,0,0,1701982707,8
3321e865,29.5272,-98.4702,0,0,1701982780,323
3321ef65,29.5381,-98.485,0,0,1701982776,295
3321cc93,29.5418,-98.486,0,1,1701982777,345
3321e56e,29.5421,-98.486,0,0,1701982707,8
3321e865,29.5272,-98.4702,0,0,1701982780,323
3321ef65,29.5381,-98.485,0,0,1701982776,295
3321cc93,29.5418,-98.486,0,1,1701982777,345
3321e56e,29.5421,-98.486,0,0,1701982707,8
3321e865,29.5272,-98.4702,0,0,1701982780,323
3321ef65,29.5381,-98.485,0,0,1701982776,295
3321cc93,29.5418,-98.486,0,1,1701982782,345
3321e56e,29.5421,-98.486,0,0,1701982707,8
3321e865,29.5272,-98.4702,0,0,1701982784,323
3321ef65,29.5381,-98.485,0,0,1701982776,295
3321cc93,29.5418,-98.486,0,1,1701982782,345
3321e56e,29.5421,-98.486,0,0,1701982707,8
3321e865,29.5272,-98.4702,0,0,1701982784,323
3321ef65,29.5381,-98.485,0,0,1701982776,295
3321cc93,29.5418,-98.486,0,1,1701982782,345
3321e56e,29.5421,-98.486,0,0,1701982707,8
3321e865,29.5272,-98.4702,0,0,1701982784,323
3321ef65,29.5381,-98.485,0,0,1701982776,295
3321cc93,29.5418,-98.486,0,1,1701982782,345
3321e56e,29.5421,-98.486,0,0,1701982707,8
3321e865,29.5272,-98.4702,0,0,1701982789,323
3321ef65,29.5381,-98.485,0,0,1701982776,295
3321cc93,29.5418,-98.486,0,1,1701982782,345
3321e56e,29.5421,-98.486,0,0,1701982707,8
3321e865,29.5272,-98.4702,0,0,1701982789,323
3321ef65,29.5381,-98.485,0,0,1701982776,295
3321cc93,29.5418,-98.486,0,1,1701982782,345
3321e56e,29.5421,-98.486,0,0,1701982707,8
3321e865,29.5272,-98.4702,0,0,1701982789,323
3321ef65,29.5381,-98.485,0,0,1701982776,295
3321cc93,29.5418,-98.486,0,1,1701982782,345
3321e56e,29.5421,-98.486,0,0,1701982707,8
3321e865,29.5272,-98.4702,0,0,1701982792,323
3321ef65,29.5381,-98.485,0,0,1701982776,295
3321f49a,29.5386,-98.485,0,0,1701982790,135
3321cc93,29.5418,-98.486,0,1,1701982782,345
3321e56e,29.5421,-98.486,0,0,1701982707,8
3321e865,29.5272,-98.4702,0,0,1701982792,323
3321ef65,29.5381,-98.485,0,0,1701982776,295
3321f49a,29.5386,-98.485,0,0,1701982790,135
3321cc93,29.5418,-98.486,0,1,1701982782,345
3321e56e,29.5421,-98.486,0,0,1701982707,8
3321e865,29.5272,-98.4702,0,0,1701982792,323
3321ef65,29.5381,-98.485,0,0,1701982776,295
3321f49a,29.5386,-98.485,0,0,1701982790,135
3321cc93,29.5418,-98.486,0,1,1701982782,345
3321e865,29.5272,-98.4702,0,0,1701982792,323
3321ef65,29.5381,-98.485,0,0,1701982776,295
3321f49a,29.5386,-98.485,0,0,1701982790,135
3321cc93,29.5419,-98.486,0,0,1701982794,345
3321e865,29.5272,-98.4702,0,0,1701982797,323
3321ef65,29.5381,-98.485,0,0,1701982797,295
3321f49a,29.5386,-98.485,0,0,1701982795,135
3321cc93,29.5419,-98.486,0,0,1701982794,345
3321e865,29.5272,-98.4702,0,0,1701982797,323
3321ef65,29.5381,-98.485,0,0,1701982797,295
3321f49a,29.5386,-98.485,0,0,1701982795,135
3321cc93,29.5419,-98.486,0,0,1701982794,345
3321e865,29.5272,-98.4702,0,0,1701982797,323
3321ef65,29.5381,-98.485,0,0,1701982797,295
3321f49a,29.5386,-98.485,0,0,1701982795,135
3321cc93,29.5418,-98.486,0,0,1701982799,345
3321ef65,29.5381,-98.485,0,0,1701982797,295
3321cc93,29.5418,-98.486,0,0,1701982799,345
3321ef65,29.5381,-98.485,0,0,1701982797,295
3321cc93,29.5418,-98.486,0,0,1701982799,345
3321ef65,29.5381,-98.485,0,0,1701982797,295
3321cc93,29.5418,-98.486,0,0,1701982799,345
3321cc93,29.5418,-98.486,0,0,1701982799,345
3321cc93,29.5418,-98.486,0,0,1701982799,345
3321cc93,29.5418,-98.486,0,0,1701982799,345
3321cc93,29.5418,-98.486,0,0,1701982799,345
3321cc93,29.5418,-98.486,0,0,1701982799,345
3321cc93,29.5418,-98.486,0,0,1701982799,345
3321cc93,29.5418,-98.486,0,0,1701982799,345
3321cc93,29.5418,-98.486,0,0,1701982799,345
3321cc93,29.5418,-98.486,0,0,1701982799,345
3321cc93,29.5418,-98.486,0,0,1701982799,345
3321cc93,29.5418,-98.486,0,0,1701982799,345
3321cc93,29.5418,-98.486,0,0,1701982799,345
3321cc93,29.5418,-98.486,0,0,1701982799,345
3321cc93,29.5418,-98.486,0,0,1701982799,345
3321cc93,29.5418,-98.486,0,0,1701982799,345
3321cc93,29.5418,-98.486,0,0,1701982799,345
3321cc93,29.5418,-98.486,0,0,1701982799,345
3321cc93,29.5418,-98.486,0,0,1701982799,345
